0.0,23.4,21,25
1.0,23.39932167787484,21,25
1.564988436704141,23.3979251961565,21,25
2.0,23.39684999363405,21,25
2.567812016046565,23.39544763535037,21,25
3.0,23.39438025089718,21,25
3.567931651365488,23.39297869892097,21,25
4.0,23.39191244812694,21,25
4.567936704860871,23.39051198459909,21,25
5.0,23.38944658379903,21,25
5.56793691829714,23.38804721979987,21,25
6.0,23.38698265639077,21,25
6.567936927311652,23.38558439156032,21,25
7.0,23.38452066438074,21,25
7.567936927692375,23.38312349787687,21,25
8.0,23.38206060624869,21,25
8.56793692770842,23.38066453720957,21,25
9.0,23.37960248047558,21,25
9.567936927709145,23.37820750803919,21,25
10.0,23.37714628554354,21,25
10.56793692770916,23.37575240884851,21,25
11.0,23.37469201993592,21,25
11.56793692770916,23.37329923812156,21,25
12.0,23.37223968213725,21,25
12.56793692770916,23.37084799434354,21,25
13.0,23.36978927063324,21,25
13.56793692770916,23.36839867600083,21,25
14.0,23.36734078391081,21,25
14.56793692770916,23.36595128158102,21,25
15.0,23.36489422045805,21,25
15.56793692770916,23.36350580957289,21,25
16.0,23.36244957876424,21,25
16.56793692770916,23.36106225846639,21,25
17.0,23.36000685731986,21,25
17.56793692770916,23.35862062675267,21,25
18.0,23.35756605461656,21,25
18.56793692770916,23.35618091292405,21,25
19.0,23.35512716914718,21,25
19.56793692770916,23.35374311547405,21,25
20.0,23.35269019940575,21,25
20.56793692770916,23.35130723289738,21,25
21.0,23.35025514388749,21,25
21.56793692770916,23.3488732636899,21,25
22.0,23.34782200108878,21,25
22.56793692770916,23.34644120634869,21,25
23.0,23.34539076950719,21,25
23.56793692770916,23.34401105937198,21,25
24.0,23.34296144764147,21,25
24.56793692770916,23.34158282125919,21,25
25.0,23.34053403399156,21,25
25.56793692770916,23.33915649051092,21,25
26.0,23.33810852705856,21,25
26.56793692770916,23.33673206562896,21,25
27.0,23.33568492534476,21,25
27.56793692770916,23.33430954511626,21,25
28.0,23.33326322735363,21,25
28.56793692770916,23.3318856901112,21,25
29.0,23.33083773140454,21,25
29.56793692770916,23.32946127620825,21,25
30.000002,23.32841413582259,21,25
30.0,23.32841413582259,21,25
31.0,23.32773215377518,21,25
31.56498843670414,23.32636422273859,21,25
32.0,23.32531100243376,21,25
32.56781201604657,23.32393731497657,21,25
33.0,23.32289175290273,21,25
33.56793165136549,23.32151885526829,21,25
34.0,23.32047440367627,21,25
34.56793670486087,23.31910257223716,21,25
35.0,23.31805895326121,21,25
35.56793691829714,23.31668819887123,21,25
36.0,23.31564540016603,21,25
36.56793692731165,23.31427572247255,21,25
37.0,23.31323374290039,21,25
37.56793692769237,23.31186514107851,21,25
38.0,23.31082397997513,21,25
38.567936927708416,23.30945645318064,21,25
39.0,23.30841610990226,21,25
39.56793692770914,23.30704965729077,21,25
40.0,23.30601013119496,21,25
40.56793692770916,23.30464475192269,21,25
41.0,23.30360604236757,21,25
41.56793692770916,23.30224173559144,21,25
42.0,23.30120384193561,21,25
42.56793692770916,23.29984060681318,21,25
43.0,23.29880352841576,21,25
43.56793692770916,23.29744136410524,21,25
44.0,23.29640510032585,21,25
44.56793692770916,23.29504400598614,21,25
45.0,23.29400855618489,21,25
45.56793692770916,23.29264853097553,21,25
46.0,23.29161389451306,21,25
46.567936927709155,23.29025493759425,21,25
47.0,23.28922111383169,21,25
47.567936927709155,23.2878632243643,21,25
48.0,23.28683021266328,21,25
48.567936927709155,23.28547338980883,21,25
49.0,23.28444118953147,21,25
49.567936927709155,23.28308543245215,21,25
50.0,23.28205404296109,21,25
50.567936927709155,23.28069935081973,21,25
51.0,23.2796687714781,21,25
51.567936927709155,23.27831514343821,21,25
52.0,23.27728537360964,21,25
52.567936927709155,23.27593280883537,21,25
53.0,23.27490384788401,21,25
53.567936927709155,23.27355234554017,21,25
54.0,23.27252419283063,21,25
54.567936927709155,23.27117375208269,21,25
55.0,23.27014640698012,21,25
55.567936927709155,23.26879702699421,21,25
56.0,23.26777048886422,21,25
56.567936927709155,23.26642216880711,21,25
57.0,23.26539643701584,21,25
57.567936927709155,23.26404917605497,21,25
58.0,23.26302424996905,21,25
58.567936927709155,23.2616780472725,21,25
59.0,23.26065392625905,21,25
59.567936927709155,23.25930878099556,21,25
60.000001999999995,23.25828545967369,21,25
60.0,23.25828545967369,21,25
61.0,23.25760547635874,21,25
61.56498843670414,23.25626866735528,21,25
62.0,23.25523940904585,21,25
62.56781201604657,23.25389697458709,21,25
63.0,23.25287520027494,21,25
63.56793165136549,23.25153353766954,21,25
64.0,23.25051284857443,21,25
64.56793670486087,23.24917222790717,21,25
65.0,23.24815235248515,21,25
65.56793691829714,23.24681278436289,21,25
66.0,23.2457937105495,21,25
66.56793692731165,23.24445519462763,21,25
67.0,23.24343692131104,21,25
67.56793692769237,23.24209945678343,21,25
68.0,23.24108198331449,21,25
68.56793692770842,23.23974556935614,21,25
69.0,23.23872889510573,21,25
69.56793692770914,23.23739353089146,21,25
70.0,23.23637765523176,21,25
70.56793692770916,23.235043339937,21,25
71.0,23.23402826224073,21,25
71.56793692770916,23.23269499504156,21,25
72.0,23.23168071468191,21,25
72.56793692770916,23.23034849475505,21,25
73.0,23.22933501110573,21,25
73.56793692770916,23.22800383762856,21,25
74.0,23.22699115006376,21,25
74.56793692770916,23.22566102221431,21,25
75.0,23.22464913010871,21,25
75.56793692770916,23.22332004706564,21,25
76.0,23.2223089497944,21,25
76.56793692770916,23.22098091073702,21,25
77.0,23.2199706076758,21,25
77.56793692770916,23.21864361178408,21,25
78.0,23.21763410230905,21,25
78.56793692770916,23.21630814876357,21,25
79.0,23.21529943225137,21,25
79.56793692770916,23.21397452023338,21,25
80.0,23.21296659606114,21,25
80.56793692770916,23.21164272475254,21,25
81.0,23.21063559229789,21,25
81.56793692770916,23.20931276088119,21,25
82.0,23.20830641952223,21,25
82.56793692770916,23.20698462718061,21,25
83.0,23.20597907629595,21,25
83.56793692770916,23.20465832221323,21,25
84.0,23.20365356118195,21,25
84.56793692770916,23.20233384454258,21,25
85.0,23.20132987274425,21,25
85.56793692770916,23.20001119273334,21,25
86.0,23.19900800954803,21,25
86.56793692770916,23.19769036535129,21,25
87.0,23.19668797015955,21,25
87.56793692770916,23.19537621701198,21,25
88.0,23.19437830342413,21,25
88.56793692770916,23.19306758064973,21,25
89.0,23.19207045091622,21,25
89.56793692770916,23.19076075770564,21,25
90.000002,23.18976440660224,21,25
90.0,23.18976440660224,21,25
91.0,23.18909492647989,21,25
91.56498843670414,23.18779335311471,21,25
92.0,23.18679122401626,21,25
92.56781201604656,23.18548417347165,21,25
93.0,23.18448933110712,21,25
93.56793165136548,23.18318303207134,21,25
94.0,23.18218924631969,21,25
94.56793670486087,23.18088396175862,21,25
95.0,23.17989096823325,21,25
95.56793691829714,23.17858670847417,21,25
96.0,23.17759449542861,21,25
96.56793692731165,23.17629126013603,21,25
97.0,23.17529982648775,21,25
97.56793692769237,23.17399761487675,21,25
98.0,23.17300695999373,21,25
98.56793692770842,23.17170577126105,21,25
99.0,23.17071589453075,21,25
99.56793692770914,23.16941572787298,21,25
100.0,23.16842662868411,21,25
100.56793692770916,23.16712748329841,21,25
101.0,23.16613916104023,21,25
101.56793692770916,23.1648410361244,21,25
102.0,23.16385349018663,21,25
102.56793692770916,23.16255638493909,21,25
103.0,23.16156961471194,21,25
103.56793692770916,23.16027352833175,21,25
104.0,23.15928753320591,21,25
104.56793692770916,23.15799246489276,21,25
105.0,23.15700724425938,21,25
105.56793692770916,23.15571319321358,21,25
106.0,23.15472874646431,21,25
106.56793692770916,23.15343571188681,21,25
107.0,23.15245203841376,21,25
107.56793692770916,23.15116001950612,21,25
108.0,23.1501771187019,21,25
108.56793692770916,23.14888611466633,21,25
109.0,23.14790398592401,21,25
109.56793692770916,23.14661399596333,21,25
110.0,23.14563263867646,21,25
110.56793692770916,23.14434366199411,21,25
111.0,23.14336307555672,21,25
111.56793692770916,23.1420751113568,21,25
112.0,23.14109529516338,21,25
112.56793692770916,23.13980834265057,21,25
113.0,23.13882929609611,21,25
113.56793692770916,23.13754335447576,21,25
114.0,23.13656507695571,21,25
114.56793692770916,23.13528014543375,21,25
115.0,23.13430263634405,21,25
115.56793692770916,23.13301871412706,21,25
116.0,23.13204197286409,21,25
116.56793692770916,23.13075905915928,21,25
117.0,23.12978308511993,21,25
117.56793692770916,23.12850117913511,21,25
118.0,23.12752597171673,21,25
118.56793692770916,23.12624507266035,21,25
119.0,23.12527063126076,21,25
119.56793692770916,23.12399073834187,21,25
120.000002,23.12301705785573,21,25
120.0,23.12301705785573,21,25
121.0,23.12234948009488,21,25
121.56498843670414,23.12107752818147,21,25
122.0,23.12009820572577,21,25
122.56781201604656,23.11882090128361,21,25
123.0,23.11784869972897,21,25
123.56793165136548,23.11657212969267,21,25
124.0,23.11560096070432,21,25
124.56793670486087,23.11432538205512,21,25
125.0,23.11335498726341,21,25
125.56793691829714,23.11208041009357,21,25
126.0,23.11111077801936,21,25
126.56793692731165,23.109837202001,21,25
127.0,23.1088683315864,21,25
127.56793692769237,23.1075957559525,21,25
128.0,23.10662764657988,21,25
128.56793692770842,23.10535607054544,21,25
129.0,23.10438872161619,21,25
129.56793692770916,23.10311814439607,21,25
130.0,23.10215155531283,21,25
130.56793692770916,23.10088197612249,21,25
131.0,23.0999161462884,21,25
131.56793692770916,23.09864756434387,21,25
132.0,23.09768249316255,21,25
132.56793692770916,23.09641490768052,21,25
133.0,23.09545059455604,21,25
133.56793692770916,23.09418400475379,21,25
134.0,23.09322044909072,21,25
134.56793692770916,23.09195485418613,21,25
135.0,23.09099205538948,21,25
135.56793692770916,23.08972745460109,21,25
136.0,23.08876541207635,21,25
136.56793692770916,23.08750180462327,21,25
137.0,23.08654051777639,21,25
137.56793692770916,23.08527790287837,21,25
138.0,23.08431737111577,21,25
138.56793692770916,23.08305574799318,21,25
139.0,23.08209597072175,21,25
139.56793692770916,23.08083533859553,21,25
140.0,23.07987631522262,21,25
140.56793692770916,23.07861667331438,21,25
141.0,23.0776584032478,21,25
141.56793692770916,23.0763997507797,21,25
142.0,23.07544223342775,21,25
142.56793692770916,23.07418456962261,21,25
143.0,23.07322780439402,21,25
143.56793692770916,23.07197112847525,21,25
144.0,23.07101511477924,21,25
144.56793692770916,23.06975942597086,21,25
145.0,23.06880416321711,21,25
145.56793692770916,23.06754946074374,21,25
146.0,23.06659494834238,21,25
146.56793692770916,23.06533151933206,21,25
147.0,23.06437036823515,21,25
147.56793692770916,23.06310793163972,21,25
148.0,23.06214753552045,21,25
148.56793692770916,23.06088609056039,21,25
149.0,23.05992644882575,21,25
149.56793692770916,23.05866599472212,21,25
150.000002,23.05770710234427,21,25
150.0,23.05770710234427,21,25
151.0,23.05702428542007,21,25
151.56498843670414,23.05578459364229,21,25
152.0,23.05483010944889,21,25
152.56781201604656,23.05358520089694,21,25
153.0,23.05263765699932,21,25
153.56793165136548,23.05139346422671,21,25
154.0,23.0504469267067,21,25
154.56793670486087,23.04920370017694,21,25
155.0,23.04825791721785,21,25
155.56793691829714,23.04701566676723,21,25
156.0,23.04607062718106,21,25
156.56793692731165,23.04482935249002,21,25
157.0,23.04388505524573,21,25
157.5679369276924,23.04264475556669,21,25
158.0,23.0417012000623,21,25
158.56793692770842,23.04046187463018,21,25
159.0,23.03951906028225,21,25
159.56793692770916,23.03828070833183,21,25
160.0,23.03733863455816,21,25
160.56793692770916,23.03610125532478,21,25
161.0,23.03515992154366,21,25
161.56793692770916,23.03392351426325,21,25
162.0,23.03298291989341,21,25
162.56793692770916,23.03174748380251,21,25
163.0,23.03080762826315,21,25
163.56793692770916,23.0295731625989,21,25
164.0,23.02863404530967,21,25
164.56793692770916,23.02740054930981,21,25
165.0,23.02646216969082,21,25
165.56793692770916,23.02522964259368,21,25
166.0,23.0242920000655,21,25
166.56793692770916,23.02306044111001,21,25
167.0,23.02212353509367,21,25
167.56793692770916,23.02089294351936,21,25
168.0,23.01995677343632,21,25
168.56793692770916,23.01872714848333,21,25
169.0,23.01779171375552,21,25
169.56793692770916,23.01656305466457,21,25
170.0,23.01562835471439,21,25
170.56793692770916,23.01440066072679,21,25
171.0,23.01346669497705,21,25
171.56793692770916,23.01223996533474,21,25
172.0,23.01130673320876,21,25
172.56793692770916,23.01008096715423,21,25
173.0,23.00914846807574,21,25
173.56793692770916,23.00792366485211,21,25
174.0,23.0069918982453,21,25
174.56793692770916,23.00576805709628,21,25
175.0,23.0048370223858,21,25
175.56793692770916,23.00361414255568,21,25
176.0,23.00268383916664,21,25
176.56793692770916,23.00146191990031,21,25
177.0,23.00053234725825,21,25
177.56793692770916,22.99931138780119,21,25
178.0,22.99838254533211,21,25
178.56793692770916,22.99716254493041,21,25
179.0,22.99623443206078,21,25
179.56793692770916,22.9950153899611,21,25
180.000002,22.99408800182828,21,25
180.0,22.99408800182828,21,25
181.0,22.9934069981076,21,25
181.56498843670414,22.9921761435164,21,25
182.0,22.99122846339726,21,25
182.56781201604656,22.98999242921985,21,25
183.0,22.98905163992234,21,25
183.56793165136548,22.98781631642182,21,25
184.0,22.98687652632793,21,25
184.56793670486087,22.98564216218236,21,25
185.0,22.98470312127046,21,25
185.56793691829714,22.98346972624602,21,25
186.0,22.9825314234079,21,25
186.56793692731165,22.9812989971873,21,25
187.0,22.98036143139923,21,25
187.5679369276924,22.97912997324022,21,25
188.0,22.97819314390454,21,25
188.56793692770842,22.97696265304751,21,25
189.0,22.97602655958493,21,25
189.56793692770916,22.97479703527009,21,25
190.0,22.97386167710257,21,25
190.56793692770916,22.97263311857072,21,25
191.0,22.97169849512067,21,25
191.56793692770916,22.9704709016132,21,25
192.0,22.96953701230352,21,25
192.56793692770916,22.96831038306239,21,25
193.0,22.96737722731641,21,25
193.56793692770916,22.96615156158421,21,25
194.0,22.96521913882572,21,25
194.56793692770916,22.96399443584563,21,25
195.0,22.96306274549887,21,25
195.56793692770916,22.96183900451463,21,25
196.0,22.96090804600431,21,25
196.56793692770916,22.9596852662603,21,25
197.0,22.95875503901156,21,25
197.56793692770916,22.95753321975272,21,25
198.0,22.95660372319116,21,25
198.56793692770916,22.95538286366304,21,25
199.0,22.9544540972147,21,25
199.56793692770916,22.95323419666343,21,25
200.0,22.95230615975483,21,25
200.56793692770916,22.95108721742716,21,25
201.0,22.95015990948523,21,25
201.56793692770916,22.94894192462846,21,25
202.0,22.94801534508062,21,25
202.56793692770916,22.94679831694268,21,25
203.0,22.94587246521678,21,25
203.56793692770916,22.94465639304616,21,25
204.0,22.94373126857049,21,25
204.56793692770916,22.94250158347047,21,25
205.0,22.94156610298593,21,25
205.56793692770916,22.94033738379519,21,25
206.0,22.93940263812421,21,25
206.56793692770916,22.93817488408404,21,25
207.0,22.93724087264943,21,25
207.56793692770916,22.93601408300171,21,25
208.0,22.93508080522673,21,25
208.56793692770916,22.93385497921394,21,25
209.0,22.9329224345223,21,25
209.56793692770916,22.9316975713875,21,25
210.000002,22.93076575489336,21,25
210.0,22.93076575489336,21,25
211.0,22.93006090507892,21,25
211.56498843670414,22.92886953212936,21,25
212.0,22.92795225037499,21,25
212.56781201604656,22.9267558639828,21,25
213.0,22.92584525201587,21,25
213.56793165136548,22.92464955350444,21,25
214.0,22.92373990869008,21,25
214.56793670486087,22.92254513876075,21,25
215.0,22.92163621909717,21,25
215.56793691829714,22.92044238720285,21,25
216.0,22.91953418193813,21,25
216.56793692731165,22.91834128777171,21,25
217.0,22.91743379591499,21,25
217.5679369276924,22.91624183875803,21,25
218.0,22.91533505973078,21,25
218.56793692770842,22.91414403884802,21,25
219.0,22.91323797208957,21,25
219.56793692770916,22.91204788674561,21,25
220.0,22.91114253169644,21,25
220.56793692770916,22.90995338115643,21,25
221.0,22.90904873725749,21,25
221.56793692770916,22.90786052078714,21,25
222.0,22.90695658747983,21,25
222.56793692770916,22.90576930434544,21,25
223.0,22.9048660810716,21,25
223.56793692770916,22.90367973054004,21,25
224.0,22.90277721674194,21,25
224.56793692770916,22.90159179808065,21,25
225.0,22.900689993201,21,25
225.56793692770916,22.89950550567801,21,25
226.0,22.89860440915996,21,25
226.56793692770916,22.89742085204386,21,25
227.0,22.896520463331,21,25
227.56793692770916,22.89533783589097,21,25
228.0,22.89443815442731,21,25
228.56793692770916,22.8932564559331,21,25
229.0,22.89235748116312,21,25
229.56793692770916,22.89117671088503,21,25
230.0,22.89027844225361,21,25
230.56793692770916,22.88909859946256,21,25
231.0,22.88820103641505,21,25
231.56793692770916,22.88702212038248,21,25
232.0,22.88612526236463,21,25
232.56793692770916,22.88494727236259,21,25
233.0,22.88405111882062,21,25
233.56793692770916,22.88287405412171,21,25
234.0,22.88197860450226,21,25
234.56793692770916,22.88080246437967,21,25
235.0,22.8799077181298,21,25
235.56793692770916,22.87873250185728,21,25
236.0,22.87783845842451,21,25
236.56793692770916,22.87666416527637,21,25
237.0,22.87577082410864,21,25
237.56793692770916,22.87459745335979,21,25
238.0,22.87370481390547,21,25
238.56793692770916,22.87253236483136,21,25
239.0,22.87164042653925,21,25
239.56793692770916,22.87046889841592,21,25
240.000002,22.86957765661294,21,25
240.0,22.86957765661294,21,25
241.0,22.86887455071618,21,25
241.56498843670414,22.86770386677596,21,25
242.0,22.86680251424912,21,25
242.56781201604656,22.86562690392813,21,25
243.0,22.86473210536329,21,25
243.56793165136548,22.86355717097756,21,25
244.0,22.86266332277,21,25
244.56793670486087,22.8614893008409,21,25
245.0,22.86059616519139,21,25
245.56793691829714,22.85942306500767,21,25
246.0,22.85853063135101,21,25
246.56793692731165,22.8573584526109,21,25
247.0,22.8564667199734,21,25
247.5679369276924,22.85529546197094,21,25
248.0,22.85440442978415,21,25
248.56793692770842,22.85323409179685,21,25
249.0,22.85234375950982,21,25
249.56793692770916,22.85117434081504,21,25
250.0,22.85028470787797,21,25
250.56793692770916,22.84911620775363,21,25
251.0,22.84822727361718,21,25
251.56793692770916,22.84705969134174,21,25
252.0,22.84617145545701,21,25
252.56793692770916,22.84500479030951,21,25
253.0,22.84411725212802,21,25
253.56793692770916,22.84295150338806,21,25
254.0,22.84206466236179,21,25
254.56793692770916,22.84089982930954,21,25
255.0,22.84001368489085,21,25
255.56793692770916,22.83884976680703,21,25
256.0,22.83796431844877,21,25
256.5679369277092,22.83680131461469,21,25
257.0,22.83591656177009,21,25
257.5679369277092,22.83475447146762,21,25
258.0,22.83387041359036,21,25
258.5679369277092,22.83270923610192,21,25
259.0,22.83182587264611,21,25
259.5679369277092,22.83066560725469,21,25
260.0,22.82978293767486,21,25
260.5679369277092,22.82862358366402,21,25
261.0,22.82774160741515,21,25
261.5679369277092,22.82657668933753,21,25
262.0,22.82569048023596,21,25
262.5679369277092,22.82452647719355,21,25
263.0,22.82364096420321,21,25
263.5679369277092,22.82247787547728,21,25
264.0,22.82159305805137,21,25
264.5679369277092,22.82043088292373,21,25
265.0,22.81954676051588,21,25
265.5679369277092,22.8183854982689,21,25
266.0,22.81750207033319,21,25
266.5679369277092,22.81634172024981,21,25
267.0,22.81545898624075,21,25
267.5679369277092,22.81429954760447,21,25
268.0,22.81341750697696,21,25
268.5679369277092,22.81225897907184,21,25
269.0,22.81137763128125,21,25
269.5679369277092,22.81022001339192,21,25
270.000002,22.80933935382063,21,25
270.0,22.80933935382063,22,24
271.0,22.80862656439965,22,24
271.56498843670414,22.80745678124149,22,24
272.0,22.80655612225981,22,24
272.56781201604656,22.80538141651149,22,24
273.0,22.80448730644887,22,24
273.5679316513655,22.8033132761157,22,24
274.0,22.80242011567912,22,24
274.56793670486087,22.8012469971005,22,24
275.0,22.80035454867368,22,24
275.56793691829716,22.7991823511312,22,24
276.0,22.79829060415708,22,24
276.5679369273117,22.79711932734921,22,24
277.0,22.79622828085486,22,24
277.56793692769236,22.79505792407617,22,24
278.0,22.79416757749356,22,24
278.56793692770844,22.79299814002213,22,24
279.0,22.79210849280075,22,24
279.5679369277091,22.79093997391449,22,24
280.0,22.79005102550495,22,24
280.5679369277092,22.78888342448233,22,24
281.0,22.78799517433573,22,24
281.5679369277092,22.78682849045578,22,24
282.0,22.78594093802362,22,24
282.5679369277092,22.78477517056593,22,24
283.0,22.78388831530017,22,24
283.5679369277092,22.78272346354488,22,24
284.0,22.7818373048979,22,24
284.5679369277092,22.78067336812575,22,24
285.0,22.77978790555036,22,24
285.5679369277092,22.77862488304263,22,24
286.0,22.77774011599207,22,24
286.5679369277092,22.77657800703061,22,24
287.0,22.77569393495855,22,24
287.5679369277092,22.77453273882577,22,24
288.0,22.77364936118632,22,24
288.5679369277092,22.77248907716521,22,24
289.0,22.77160639341288,22,24
289.5679369277092,22.77044702078698,22,24
290.0,22.76956503037674,22,24
290.5679369277092,22.76840656843014,22,24
291.0,22.76752527081737,22,24
291.5679369277092,22.76636771883476,22,24
292.0,22.76548711347528,22,24
292.5679369277092,22.76433047074188,22,24
293.0,22.76345055709191,22,24
293.5679369277092,22.76229482289352,22,24
294.0,22.76141560040973,22,24
294.5679369277092,22.76026077403269,22,24
295.0,22.7593822421722,22,24
295.5679369277092,22.75822832290342,22,24
296.0,22.75735048112373,22,24
296.5679369277092,22.75619746825069,22,24
297.0,22.75532031600974,22,24
297.5679369277092,22.75416820882048,22,24
298.0,22.75329174557665,22,24
298.5679369277092,22.75214054335974,22,24
299.0,22.75126476857184,22,24
299.5679369277092,22.75011447061645,22,24
300.000002,22.74923937969604,22,24
300.0,22.74923937969604,22,24
301.0,22.74852830318018,22,24
301.6594846189683,22.74721664406962,22,24
302.0,22.7465393975021,22,24
302.56781201604656,22.74541095305636,22,24
303.0,22.74455205410615,22,24
303.5679316513655,22.74342425847691,22,24
304.0,22.74256627175534,22,24
304.56793670486087,22.74143935197468,22,24
305.0,22.74058204922309,22,24
305.56793691829716,22.73945601420708,22,24
306.0,22.73859938528414,22,24
306.5679369273117,22.73747423474312,22,24
307.0,22.73661827871424,22,24
307.56793692769236,22.73549401197056,22,24
308.0,22.73463872829007,22,24
308.56793692770844,22.73351534465024,22,24
309.0,22.73266073278929,22,24
309.5679369277091,22.73153823155967,22,24
310.0,22.73068429099053,22,24
310.5679369277092,22.729562671478,22,24
311.0,22.72870940167336,22,24
311.5679369277092,22.72758866318532,22,24
312.0,22.72673606361833,22,24
312.5679369277092,22.72561620546275,22,24
313.0,22.72476427560692,22,24
313.5679369277092,22.7236452970923,22,24
314.0,22.72279403642158,22,24
314.66259308232736,22.72148958868913,22,24
315.0,22.72082534484572,22,24
315.66259308232736,22.7195219217481,22,24
316.0,22.71885819966371,22,24
316.66259308232736,22.71755580039607,22,24
317.0,22.71689259966087,22,24
317.66259308232736,22.71559122341899,22,24
318.0,22.71492854362345,22,24
318.66259308232736,22.71362818960376,22,24
319.0,22.7129660303387,22,24
319.66259308232736,22.71166669773825,22,24
320.0,22.71100505859478,22,24
320.66259308232736,22.70972374275846,22,24
321.0,22.70907127801451,22,24
321.66259308232736,22.70779096864307,22,24
322.0,22.70713901640574,22,24
322.66259308232736,22.70588300588654,22,24
323.0,22.70524342697979,22,24
323.66259308232736,22.70398840304832,22,24
324.0,22.70334932652645,22,24
324.66259308232736,22.70209528840774,22,24
325.0,22.70145671387613,22,24
325.66259308232736,22.70020366079583,22,24
326.0,22.69956558786017,22,24
326.66259308232736,22.69831351904455,22,24
327.0,22.69767594731085,22,24
327.66259308232736,22.69642486198677,22,24
328.0,22.69578779106133,22,24
328.66259308232736,22.69453768845626,22,24
329.0,22.6939011179457,22,24
329.66259308232736,22.69265199728773,22,24
330.000002,22.6920159230315,22,24
330.0,22.6920159230315,22,24
331.0,22.69133212827403,22,24
331.6594846189683,22.69006218007869,22,24
332.0,22.6894064700323,22,24
332.6624614087364,22.68813179162936,22,24
333.0,22.68748232439195,22,24
333.66258752038294,22.6862084047751,22,24
334.0,22.68555969015533,22,24
334.66259284741665,22.68428676095984,22,24
335.0,22.68363856613484,22,24
335.66259307240585,22.68236663638469,22,24
336.0,22.68171895114421,22,24
336.6625930819083,22.680448020468,22,24
337.0,22.67980084399809,22,24
337.6625930823097,22.67853865512594,22,24
338.0,22.67789593011155,22,24
338.66259308232657,22.67663473268014,22,24
339.0,22.6759925125219,22,24
339.66259308232736,22.6747323057525,22,24
340.0,22.67409059005383,22,24
340.66259308232736,22.67283137316828,22,24
341.0,22.67219016153293,22,24
341.66259308232736,22.67093193375367,22,24
342.0,22.6702912257857,22,24
342.66259308232736,22.66904164943205,22,24
343.0,22.66840534689639,22,24
343.66259308232736,22.66715675207647,22,24
344.0,22.66652094935213,22,24
344.66259308232736,22.66527333529495,22,24
345.0,22.66463803198932,22,24
345.66259308232736,22.6633913979245,22,24
346.0,22.66275659364531,22,24
346.66259308232736,22.66151872908762,22,24
347.0,22.66088839036958,22,24
347.66259308232736,22.65965149814609,22,24
348.0,22.65902165455482,22,24
348.66259308232736,22.65778573390176,22,24
349.0,22.65715638504836,22,24
349.66259308232736,22.65592906195928,22,24
350.0,22.65530409111107,22,24
350.66259308232736,22.65407773207593,22,24
351.0,22.65345325213807,22,24
351.66259308232736,22.65222785639962,22,24
352.0,22.6516038669865,22,24
352.66259308232736,22.65037943378806,22,24
353.0,22.64975593451439,22,24
353.66259308232736,22.64854102877897,22,24
354.0,22.64792238102865,22,24
354.66259308232736,22.64671644382027,22,24
355.0,22.64610236297495,22,24
355.66259308232736,22.64489737302204,22,24
356.0,22.64428377453306,22,24
356.66259308232736,22.64307973109157,22,24
357.0,22.64246661458002,22,24
357.66259308232736,22.64126351690646,22,24
358.0,22.64065088199376,22,24
358.66259308232736,22.63945646103233,22,24
359.0,22.63884824442822,22,24
359.66259308232736,22.63765476167632,22,24
360.000002,22.63704701934421,22,24
360.0,22.63704701934421,22,24
361.0,22.63636479125159,22,24
361.6594846189683,22.63516413451352,22,24
362.0,22.63454420159948,22,24
362.6624614087364,22.63333907274542,22,24
363.0,22.63272504201754,22,24
363.66258752038294,22.63152063054836,22,24
364.0,22.63090731137348,22,24
364.66259284741665,22.62970956350571,22,24
365.0,22.62909965215142,22,24
365.66259307240585,22.62790284470008,22,24
366.0,22.62729341283339,22,24
366.6625930819083,22.62609754544902,22,24
367.0,22.62548859230407,22,24
367.6625930823097,22.62429969299101,22,24
368.0,22.62369428809087,22,24
368.66259308232657,22.6225063226501,22,24
369.0,22.62190139329142,22,24
369.66259308232736,22.62072025719008,22,24
370.0,22.62011880543081,22,24
370.66259308232736,22.61893859710385,22,24
371.0,22.61833761778085,22,24
371.66259308232736,22.6171640010357,22,24
372.0,22.61656637824247,22,24
372.66259308232736,22.6153936833653,22,24
373.0,22.61479653000071,22,24
373.66259308232736,22.61362475626738,22,24
374.0,22.6130280719627,22,24
374.66259308232736,22.61185721864968,22,24
375.0,22.61126100303646,22,24
375.66259308232736,22.61009106942076,22,24
376.0,22.60949532213085,22,24
376.66259308232736,22.60833191104399,22,24
377.0,22.60773948512107,22,24
377.66259308232736,22.60657698788572,22,24
378.0,22.60598502730933,22,24
378.66259308232736,22.6048307760685,22,24
379.0,22.60424301447299,22,24
379.66259308232736,22.60309614082153,22,24
380.0,22.60251213600232,22,24
380.66259308232736,22.6014230931654,22,24
381.0,22.60086853664186,22,24
381.66259308232736,22.59978708863175,22,24
382.0,22.59923639950498,22,24
382.66259308232736,22.59816146073158,22,24
383.0,22.59761408620325,22,24
383.66259308232736,22.59653999178694,22,24
384.0,22.59599304721758,22,24
384.66259308232736,22.59492546920773,22,24
385.0,22.59438184288775,22,24
385.66259308232736,22.59332110799101,22,24
386.0,22.5927809662842,22,24
386.66259308232736,22.59172775781604,22,24
387.0,22.59119144867662,22,24
387.66259308232736,22.59014516180435,22,24
388.0,22.58961237724269,22,24
388.66259308232736,22.58857289563715,22,24
389.0,22.58804357641672,22,24
389.66259308232736,22.58701092760832,22,24
390.000002,22.58648508482275,22,24
390.0,22.58648508482275,22.5,23.5
391.0,22.58588125030226,22.5,23.5
391.7540207689569,22.58492253548263,22.5,23.5
392.0,22.58460978475645,22.5,23.5
392.75711249186304,22.58366083325196,22.5,23.5
393.0,22.58335640669139,22.5,23.5
393.7572434608005,22.58240803655863,22.5,23.5
394.0,22.58210401314654,22.5,23.5
394.7572489929881,22.58117157585478,22.5,23.5
395.0,22.58087266910315,22.5,23.5
395.757249226642,22.57994096394706,22.5,23.5
396.0,22.57964229227213,22.5,23.5
396.7572492365104,22.57871131895197,22.5,23.5
397.0,22.57841288189375,22.5,23.5
397.7572492369272,22.57748263984628,22.5,23.5
398.0,22.57718443720885,22.5,23.5
398.75724923694474,22.57625492586017,22.5,23.5
399.0,22.57595695745891,22.5,23.5
399.75724923694554,22.575041468305,22.5,23.5
400.0,22.5747479949225,22.5,23.5
400.75724923694554,22.57383322487909,22.5,23.5
401.0,22.57353998201794,22.5,23.5
401.75724923694554,22.57264027656454,22.5,23.5
402.0,22.57235186287714,22.5,23.5
402.75724923694554,22.57145286413625,22.5,23.5
403.0,22.57116467699584,22.5,23.5
403.75724923694554,22.57026638441235,22.5,23.5
404.0,22.56997842364098,22.5,23.5
404.75724923694554,22.56909526135356,22.5,23.5
405.0,22.56881215081897,22.5,23.5
405.8519053915637,22.56783595406755,22.5,23.5
406.0,22.56766625519459,22.5,23.5
406.8519053915637,22.56670663030809,22.5,23.5
407.0,22.56653981223431,22.5,23.5
407.8519053915637,22.56560043826468,22.5,23.5
408.0,22.56543714054452,22.5,23.5
408.8519053915637,22.56451300027455,22.5,23.5
409.0,22.56435235073126,22.5,23.5
409.8519053915637,22.56346184917615,22.5,23.5
410.0,22.56330704727782,22.5,23.5
410.8519053915637,22.56245698893363,22.5,23.5
411.0,22.56230921755173,22.5,23.5
411.8519053915637,22.56147646685737,22.5,23.5
412.0,22.56133170418111,22.5,23.5
412.8519053915637,22.56053476833342,22.5,23.5
413.0,22.56039623159379,22.5,23.5
414.0,22.55947852034668,22.5,23.5
415.0,22.55976715527778,22.5,23.5
416.0,22.56007640460188,22.5,23.5
417.0,22.56038541101273,22.5,23.5
418.0,22.56069417470116,22.5,23.5
419.0,22.56100269585781,22.5,23.5
420.000002,22.56133011716862,22.5,23.5
420.0,22.56133011716862,22.5,23.5
421.0,22.5607269995881,22.5,23.5
422.0,22.56086777859754,22.5,23.5
423.0,22.56108034048696,22.5,23.5
424.0,22.56129273541043,22.5,23.5
425.0,22.56150496349911,22.5,23.5
426.0,22.56214703965984,22.5,23.5
427.0,22.56283012094262,22.5,23.5
428.0,22.56354990860737,22.5,23.5
429.0,22.56438735461337,22.5,23.5
430.0,22.56526707959835,22.5,23.5
430.66259308232725,22.56642759118056,22.5,23.5
431.0,22.56701854063336,22.5,23.5
431.66259308232725,22.56823746581618,22.5,23.5
432.0,22.56885816032784,22.5,23.5
432.66259308232725,22.57010044941245,22.5,23.5
433.0,22.57073304116425,22.5,23.5
433.56793692770907,22.57185891260079,22.5,23.5
434.0,22.57271541704812,22.5,23.5
434.56793692770907,22.5738404041203,22.5,23.5
435.0,22.57469623578921,22.5,23.5
435.56793692770907,22.5758656458087,22.5,23.5
436.0,22.57675527214607,22.5,23.5
436.5679369277091,22.57794748101088,22.5,23.5
437.0,22.57885445152431,22.5,23.5
437.5679369277091,22.58011408915863,22.5,23.5
438.0,22.58107235597384,22.5,23.5
438.5679369277091,22.58240263939,22.5,23.5
439.0,22.58341464984268,22.5,23.5
439.5679369277091,22.58488487078749,22.5,23.5
440.0,22.58600333843567,22.5,23.5
440.6625930823273,22.58727896050305,22.5,23.5
441.0,22.58792852589666,22.5,23.5
441.5679369277091,22.58906251439437,22.5,23.5
442.0,22.58992519387978,22.5,23.5
442.5679369277091,22.5911108431313,22.5,23.5
443.0,22.59201282343201,22.5,23.5
443.5679369277091,22.59319754136411,22.5,23.5
444.0,22.59409881316543,22.5,23.5
444.5679369277091,22.59530251705927,22.5,23.5
445.0,22.59621823239307,22.5,23.5
445.5679369277091,22.59773963577166,22.5,23.5
446.0,22.59889704035414,22.5,23.5
446.47328077309095,22.60024762390208,22.5,23.5
447.0,22.60175068124723,22.5,23.5
447.47328077309095,22.6031740101715,22.5,23.5
448.0,22.60475802546434,22.5,23.5
448.47328077309095,22.6062388335205,22.5,23.5
449.0,22.60788681703766,22.5,23.5
449.47328077309095,22.60938405192649,22.5,23.5
450.0,22.61105031677957,22.5,23.5
450.000002,22.61105031618949,22.5,23.5
450.0,22.61105031618949,22.5,23.5
451.0,22.61053128432597,22.5,23.5
452.0,22.60988438261697,22.5,23.5
453.0,22.60927825655418,22.5,23.5
454.0,22.60868251890543,22.5,23.5
455.0,22.60809872405423,22.5,23.5
456.0,22.6083870592743,22.5,23.5
457.0,22.60874714502227,22.5,23.5
458.0,22.60916002684968,22.5,23.5
459.0,22.60960661248998,22.5,23.5
460.0,22.61009187982492,22.5,23.5
461.0,22.61023153989863,22.5,23.5
462.0,22.61042736497948,22.5,23.5
463.0,22.61067792013725,22.5,23.5
464.0,22.61097167596351,22.5,23.5
465.0,22.61131030477684,22.5,23.5
465.7572492369454,22.6121971065266,22.5,23.5
466.0,22.61248138374386,22.5,23.5
466.7572492369455,22.61341098083911,22.5,23.5
467.0,22.61370897672769,22.5,23.5
467.7572492369455,22.61465738829597,22.5,23.5
468.0,22.6149614154379,22.5,23.5
468.7572492369455,22.61594231688237,22.5,23.5
469.0,22.61625675912735,22.5,23.5
469.7572492369455,22.61726216697268,22.5,23.5
470.0,22.61758446510139,22.5,23.5
470.8519053915637,22.61840346309306,22.5,23.5
471.0,22.61854583504415,22.5,23.5
471.8519053915637,22.61938235483825,22.5,23.5
472.0,22.61952777272257,22.5,23.5
472.8519053915637,22.62038761483089,22.5,23.5
473.0,22.62053708699057,22.5,23.5
473.8519053915637,22.62141370681734,22.5,23.5
474.0,22.62156609556111,22.5,23.5
474.8519053915637,22.62245745759004,22.5,23.5
475.0,22.62261240907036,22.5,23.5
475.8519053915637,22.62351849252316,22.5,23.5
476.0,22.62367600312799,22.5,23.5
476.8519053915637,22.62459029075174,22.5,23.5
477.0,22.62474922754301,22.5,23.5
477.8519053915637,22.62567143715993,22.5,23.5
478.0,22.62583175108476,22.5,23.5
478.8519053915637,22.62677086354375,22.5,23.5
479.0,22.62693411580376,22.5,23.5
479.8519053915637,22.62788909527049,22.5,23.5
480.000002,22.62805511045104,22.5,23.5
480.0,22.62805511045104,22.5,23.5
481.0,22.62753559393507,22.5,23.5
481.3761735721952,22.63006493275967,22.5,23.5
481.7540207689569,22.63260549748888,22.5,23.5
482.0,22.63425939496255,22.5,23.5
482.3785207434793,22.63683003941883,22.5,23.5
482.75711249186304,22.63940113834876,22.5,23.5
483.0,22.64105062543743,22.5,23.5
483.3786202306639,22.6436467429764,22.5,23.5
483.7572434608005,22.64624285306673,22.5,23.5
484.0,22.64790734955985,22.5,23.5
484.28396830712614,22.6498753171205,22.5,23.5
484.56793670486087,22.65184326938144,22.5,23.5
484.85190514082115,22.65381120597978,22.5,23.5
485.0,22.65483751524614,22.5,23.5
485.2839684572351,22.65704786743403,22.5,23.5
485.56793691829716,22.65925820176233,22.5,23.5
485.8519053809736,22.66146851821399,22.5,23.5
486.0,22.66262123033176,22.5,23.5
486.28396846357504,22.66484192966477,22.5,23.5
486.5679369273116,22.66706261102593,22.5,23.5
486.8519053911165,22.66928327441466,22.5,23.5
487.0,22.67044138252642,22.5,23.5
487.28396846384277,22.67268297427257,22.5,23.5
487.56793692769236,22.67492454787658,22.5,23.5
487.85190539154485,22.67716610333855,22.5,23.5
488.0,22.67833510696544,22.5,23.5
488.2839684638541,22.68059780657226,22.5,23.5
488.56793692770844,22.68286048786604,22.5,23.5
488.8519053915629,22.68512315084694,22.5,23.5
489.0,22.68630316235038,22.5,23.5
489.28396846385454,22.68857617786302,22.5,23.5
489.56793692770907,22.69084917497913,22.5,23.5
489.85190539156355,22.69312215369886,22.5,23.5
490.0,22.69430754500945,22.5,23.5
490.28396846385454,22.69658968186556,22.5,23.5
490.56793692770907,22.6988718002513,22.5,23.5
490.85190539156355,22.70115390016685,22.5,23.5
491.0,22.70234404831312,22.5,23.5
491.28396846385454,22.70464691543544,22.5,23.5
491.56793692770907,22.70694976391964,22.5,23.5
491.85190539156355,22.70925259376585,22.5,23.5
492.0,22.71045355287109,22.5,23.5
492.28396846385454,22.7127652883644,22.5,23.5
492.56793692770907,22.7150770051478,22.5,23.5
492.85190539156355,22.71738870322145,22.5,23.5
493.0,22.71859428723569,22.5,23.5
493.28396846385454,22.72093112516412,22.5,23.5
493.56793692770907,22.72326794417947,22.5,23.5
493.85190539156355,22.72560474428191,22.5,23.5
494.0,22.72682341936759,22.5,23.5
494.28396846385454,22.72916840135796,22.5,23.5
494.56793692770907,22.73151336436934,22.5,23.5
494.85190539156355,22.73385830840189,22.5,23.5
495.0,22.73508123066504,22.5,23.5
495.28396846385454,22.73756503373853,22.5,23.5
495.56793692770907,22.7400488167095,22.5,23.5
495.85190539156355,22.7425325795781,22.5,23.5
496.0,22.74382789787407,22.5,23.5
496.28396846385454,22.74633192209565,22.5,23.5
496.5679369277091,22.74883592605103,22.5,23.5
496.85190539156366,22.7513399097404,22.5,23.5
497.0,22.75264577348715,22.5,23.5
497.2839684638546,22.75516081791537,22.5,23.5
497.5679369277091,22.75767584198821,22.5,23.5
497.8519053915637,22.76019084570583,22.5,23.5
498.0,22.76150245655687,22.5,23.5
498.2839684638546,22.76404056869042,22.5,23.5
498.5679369277091,22.76657866028189,22.5,23.5
498.8519053915637,22.76911673133146,22.5,23.5
499.0,22.77044037213007,22.5,23.5
499.2839684638546,22.77292913876929,22.5,23.5
499.5679369277091,22.77541788526581,22.5,23.5
499.8519053915637,22.77790661161979,22.5,23.5
500.0,22.77920451844524,22.5,23.5
500.2839684638546,22.78159073545762,22.5,23.5
500.5679369277091,22.78397693315727,22.5,23.5
500.8519053915637,22.78636311154436,22.5,23.5
501.0,22.78760753812039,22.5,23.5
501.2839684638546,22.79001965028855,22.5,23.5
501.5679369277091,22.79243174293441,22.5,23.5
501.8519053915637,22.79484381605812,22.5,23.5
502.0,22.79610174711421,22.5,23.5
502.2839684638546,22.79853630700292,22.5,23.5
502.5679369277091,22.80097084718764,22.5,23.5
502.8519053915637,22.80340536766855,22.5,23.5
503.0,22.8046750053464,22.5,23.5
503.2839684638546,22.80711760187548,22.5,23.5
503.5679369277091,22.80956017863553,22.5,23.5
503.8519053915637,22.81200273562672,22.5,23.5
504.0,22.81327656446104,22.5,23.5
504.2839684638546,22.81573775206099,22.5,23.5
504.5679369277091,22.81819891974146,22.5,23.5
504.8519053915637,22.82066006750259,22.5,23.5
505.0,22.8219435916926,22.5,23.5
505.2839684638546,22.82463971540449,22.5,23.5
505.5679369277091,22.82733581729545,22.5,23.5
505.8519053915637,22.83003189736564,22.5,23.5
506.0,22.83143794215618,22.5,23.5
506.2839684638546,22.83416778832069,22.5,23.5
506.5679369277091,22.83689761239134,22.5,23.5
506.8519053915637,22.83962741436831,22.5,23.5
507.0,22.84105104562144,22.5,23.5
507.2839684638546,22.84379052917071,22.5,23.5
507.5679369277091,22.84652999054811,22.5,23.5
507.8519053915637,22.84926942975382,22.5,23.5
508.0,22.85069808696128,22.5,23.5
508.2839684638546,22.85344502831336,22.5,23.5
508.5679369277091,22.85619194743321,22.5,23.5
508.8519053915637,22.85893884432102,22.5,23.5
509.0,22.86037139081766,22.5,23.5
509.2839684638546,22.86312980400089,22.5,23.5
509.5679369277091,22.86588819485904,22.5,23.5
509.8519053915637,22.8686465633923,22.5,23.5
510.000002,22.870085110435,22.5,23.5
510.0,22.870085110435,22.5,23.5
511.0,22.86961569769829,22.5,23.5
511.47054551845565,22.87104140383325,22.5,23.5
512.0,22.87264557530602,22.5,23.5
512.4731648772255,22.87408707353526,22.5,23.5
513.0,22.87569205536168,22.5,23.5
513.4732758775481,22.87714378142575,22.5,23.5
514.0,22.87875943147474,22.5,23.5
514.4732805663259,22.88022125273876,22.5,23.5
515.0,22.88184810730392,22.5,23.5
515.3786246106457,22.88378273378674,22.5,23.5
515.757249226642,22.88571733941986,22.5,23.5
516.0,22.88695767819996,22.5,23.5
516.3786246181422,22.88889834010184,22.5,23.5
516.7572492365103,22.89083898106271,22.5,23.5
517.0,22.89208318922994,22.5,23.5
517.3786246184588,22.89403000325177,22.5,23.5
517.7572492369271,22.8959767962651,22.5,23.5
518.0,22.89722494871118,22.5,23.5
518.3786246184721,22.89917713247987,22.5,23.5
518.7572492369447,22.90112929518206,22.5,23.5
519.0,22.90238089031056,22.5,23.5
519.3786246184727,22.90433859496023,22.5,23.5
519.7572492369454,22.90629627848381,22.5,23.5
520.0,22.90755141319083,22.5,23.5
520.3786246184727,22.90937249460042,22.5,23.5
520.7572492369454,22.91119355635827,22.5,23.5
521.0,22.91236109839883,22.5,23.5
521.3786246184727,22.91419526718806,22.5,23.5
521.7572492369454,22.91602941618431,22.5,23.5
522.0,22.91720534887992,22.5,23.5
522.3786246184727,22.91904526908124,22.5,23.5
522.7572492369454,22.92088516942752,22.5,23.5
523.0,22.92206478950107,22.5,23.5
523.3786246184727,22.92391811946448,22.5,23.5
523.7572492369454,22.92577142942814,22.5,23.5
524.0,22.9269596468444,22.5,23.5
524.3786246184727,22.92881817858648,22.5,23.5
524.7572492369454,22.93067669027267,22.5,23.5
525.0,22.93186824268277,22.5,23.5
525.3786246184727,22.93389060258323,22.5,23.5
525.7572492369454,22.9359129406599,22.5,23.5
526.0,22.93720952750796,22.5,23.5
526.3786246184727,22.93923869663103,22.5,23.5
526.7572492369455,22.94126784385682,22.5,23.5
527.0,22.94256879627229,22.5,23.5
527.3786246184727,22.94460322548244,22.5,23.5
527.7572492369455,22.94663763273855,22.5,23.5
528.0,22.94794195753089,22.5,23.5
528.3786246184727,22.94998220706435,22.5,23.5
528.7572492369455,22.95202243458098,22.5,23.5
529.0,22.95333049093201,22.5,23.5
529.3786246184727,22.95537894295439,22.5,23.5
529.7572492369455,22.95742737287141,22.5,23.5
530.0,22.95874068804865,22.5,23.5
530.3786246184727,22.96064575275625,22.5,23.5
530.7572492369455,22.96255079690584,22.5,23.5
531.0,22.96377218279469,22.5,23.5
531.3786246184727,22.96569428100752,22.5,23.5
531.7572492369455,22.96761635847851,22.5,23.5
532.0,22.96884866498483,22.5,23.5
532.3786246184727,22.97077726766186,22.5,23.5
532.7572492369455,22.97270584952686,22.5,23.5
533.0,22.97394232621216,22.5,23.5
533.3786246184727,22.9758694139849,22.5,23.5
533.7572492369455,22.97779648096196,22.5,23.5
534.0,22.97903198640322,22.5,23.5
534.3786246184727,22.98097301818785,22.5,23.5
534.7572492369455,22.98291402902633,22.5,23.5
535.0,22.98415847433156,22.5,23.5
535.3786246184727,22.98579860586332,22.5,23.5
535.7572492369455,22.98743871969601,22.5,23.5
536.0,22.98849025012474,22.5,23.5
536.3786246184727,22.99013826125826,22.5,23.5
536.7572492369455,22.99178625460767,22.5,23.5
537.0,22.99284283685136,22.5,23.5
537.3786246184727,22.99449879537443,22.5,23.5
537.7572492369455,22.99615473602764,22.5,23.5
538.0,22.9972164135468,22.5,23.5
538.3786246184727,22.99887869739948,22.5,23.5
538.7572492369455,23.00054096331404,22.5,23.5
539.0,23.00160669616439,22.5,23.5
539.3786246184727,23.00328346492793,22.5,23.5
539.7572492369455,23.00496021559705,22.5,23.5
540.000002,23.00603524714682,22.5,23.5
540.0,23.00603524714682,22.5,23.5
541.0,23.00556195970482,22.5,23.5
541.2818961722951,23.00826830922547,22.5,23.5
541.5649884367042,23.01098611995315,22.5,23.5
541.8485869058321,23.01370876847565,22.5,23.5
542.0,23.0151623799819,22.5,23.5
542.2838806163512,23.01789729454768,22.5,23.5
542.5678120160466,23.02063267622712,22.5,23.5
542.851764842837,23.02336824219562,22.5,23.5
543.0,23.02479631203577,22.5,23.5
543.2839647530238,23.02753981434264,22.5,23.5
543.5679316513655,23.03028331517195,22.5,23.5
543.8518994547682,23.03302680254099,22.5,23.5
544.0,23.0344576316084,22.5,23.5
544.2839683071261,23.03722210813836,22.5,23.5
544.5679367048609,23.03998656317626,22.5,23.5
544.8519051408211,23.04275099621233,22.5,23.5
545.0,23.04419269064676,22.5,23.5
545.2839684572351,23.04775084808983,22.5,23.5
545.5679369182972,23.05130897678309,22.5,23.5
545.8519053809736,23.05486707669905,22.5,23.5
546.0,23.0567226774599,22.5,23.5
546.283968463575,23.06028834121525,22.5,23.5
546.5679369273116,23.06385397611412,22.5,23.5
546.8519053911165,23.06741958215556,22.5,23.5
547.0,23.06927909733507,22.5,23.5
547.2839684638427,23.07285261564543,22.5,23.5
547.5679369276924,23.07642610503379,22.5,23.5
547.8519053915448,23.07999956550034,22.5,23.5
548.0,23.08186317687057,22.5,23.5
548.2839684638541,23.08544415197013,22.5,23.5
548.5679369277084,23.08902509808726,22.5,23.5
548.8519053915629,23.0926060152222,22.5,23.5
549.0,23.0944735153527,22.5,23.5
549.2839684638545,23.09807496703078,22.5,23.5
549.5679369277091,23.10167638956069,22.5,23.5
549.8519053915636,23.10527778294268,22.5,23.5
550.0,23.10715596173247,22.5,23.5
550.2839684638545,23.11054127261706,22.5,23.5
550.5679369277091,23.11392655610282,22.5,23.5
550.8519053915636,23.11731181218997,22.5,23.5
551.0,23.11907727225126,22.5,23.5
551.2839684638545,23.12246956284724,22.5,23.5
551.5679369277091,23.12586182598789,22.5,23.5
551.8519053915636,23.12925406167345,22.5,23.5
552.0,23.13102316169636,22.5,23.5
552.2839684638545,23.13442510576411,22.5,23.5
552.5679369277091,23.1378270222984,22.5,23.5
552.8519053915636,23.14122891129946,22.5,23.5
553.0,23.14300304566617,22.5,23.5
553.2839684638545,23.14641221160166,22.5,23.5
553.5679369277091,23.14982134994525,22.5,23.5
553.8519053915636,23.15323046069716,22.5,23.5
554.0,23.15500836131149,22.5,23.5
554.2839684638545,23.15841484937032,22.5,23.5
554.5679369277091,23.16182130985893,22.5,23.5
554.8519053915636,23.16522774277752,22.5,23.5
555.0,23.16700424686302,22.5,23.5
555.2839684638545,23.17036403581072,22.5,23.5
555.5679369277091,23.17372379756615,22.5,23.5
555.8519053915636,23.17708353212953,22.5,23.5
556.0,23.17883568234667,22.5,23.5
556.2839684638545,23.18220253763262,22.5,23.5
556.5679369277091,23.18556936566911,22.5,23.5
556.8519053915637,23.18893616645635,22.5,23.5
557.0,23.19069200181154,22.5,23.5
557.2839684638545,23.19406682430153,22.5,23.5
557.5679369277092,23.19744161947756,22.5,23.5
557.8519053915637,23.20081638733987,22.5,23.5
558.0,23.20257637764006,22.5,23.5
558.2839684638545,23.20595890089001,22.5,23.5
558.5679369277092,23.20934139676368,22.5,23.5
558.8519053915637,23.21272386526131,22.5,23.5
559.0,23.2144878715543,22.5,23.5
559.2839684638545,23.21787772040764,22.5,23.5
559.5679369277092,23.22126754182541,22.5,23.5
559.8519053915637,23.22465733580784,22.5,23.5
560.0,23.22642516244722,22.5,23.5
560.2839684638545,23.22960800889817,22.5,23.5
560.5679369277092,23.23279082958892,22.5,23.5
560.8519053915637,23.23597362451968,22.5,23.5
561.0,23.23763349815668,22.5,23.5
561.2839684638545,23.24083500687203,22.5,23.5
561.5679369277092,23.24403648967615,22.5,23.5
561.8519053915637,23.24723794656924,22.5,23.5
562.0,23.24890755268977,22.5,23.5
562.2839684638545,23.25211641706022,22.5,23.5
562.5679369277092,23.2553252554599,22.5,23.5
562.8519053915637,23.25853406788901,22.5,23.5
563.0,23.26020751002807,22.5,23.5
563.2839684638545,23.26342481466195,22.5,23.5
563.5679369277092,23.26664209325675,22.5,23.5
563.8519053915637,23.26985934581267,22.5,23.5
564.0,23.27153718960006,22.5,23.5
564.2839684638545,23.2747757248661,22.5,23.5
564.5679369277092,23.27801423392122,22.5,23.5
564.8519053915637,23.28125271676564,22.5,23.5
565.0,23.28294163245586,22.5,23.5
565.2839684638545,23.28607636686558,22.5,23.5
565.5679369277092,23.28921107590448,22.5,23.5
565.8519053915637,23.29234575957279,22.5,23.5
566.0,23.29398054248985,22.5,23.5
566.2839684638545,23.297112814587,22.5,23.5
566.5679369277092,23.30024506133327,22.5,23.5
566.8519053915637,23.30337728272888,22.5,23.5
567.0,23.30501078153508,22.5,23.5
567.2839684638545,23.30815040030484,22.5,23.5
567.5679369277092,23.31128999366426,22.5,23.5
567.8519053915637,23.31442956161355,22.5,23.5
568.0,23.31606689175386,22.5,23.5
568.2839684638545,23.31921490005339,22.5,23.5
568.5679369277092,23.32236288287467,22.5,23.5
568.8519053915637,23.32551084021793,22.5,23.5
569.0,23.32715254554866,22.5,23.5
569.2839684638545,23.3303084841639,22.5,23.5
569.5679369277092,23.33346439723672,22.5,23.5
569.8519053915637,23.33662028476732,22.5,23.5
570.0,23.33826612580557,22.5,23.5
570.000002,23.33826612851722,22.5,23.5
570.0,23.33826612851722,22.5,23.5
571.0,23.33781757330181,22.5,23.5
572.0,23.3383919333822,22.5,23.5
573.0,23.33897547439047,22.5,23.5
574.0,23.33956724485614,22.5,23.5
575.0,23.34016797125559,22.5,23.5
575.5679369182972,23.34163660221526,22.5,23.5
576.0,23.34275386032827,22.5,23.5
576.5679369273116,23.3442264022632,22.5,23.5
577.0,23.34534663560181,22.5,23.5
577.5679369276924,23.3468235345358,22.5,23.5
578.0,23.347947082451,22.5,23.5
578.5679369277084,23.34943322678582,22.5,23.5
579.0,23.35056380812116,22.5,23.5
579.5679369277091,23.35205368933542,22.5,23.5
580.0,23.35318711349433,22.5,23.5
580.4732807730909,23.3548059367953,22.5,23.5
581.0,23.35660751675438,22.5,23.5
581.4732807730909,23.35822933798017,22.5,23.5
582.0,23.36003425431405,22.5,23.5
582.4732807730909,23.361659265543,22.5,23.5
583.0,23.36346773201466,22.5,23.5
583.4732807730909,23.3650958220872,22.5,23.5
584.0,23.36690771498774,22.5,23.5
584.4732807730909,23.36853890411661,22.5,23.5
585.0,23.37035424594068,22.5,23.5
585.4732807730909,23.37198415378158,22.5,23.5
586.0,23.37379806966699,22.5,23.5
586.4732807730909,23.37543100164599,22.5,23.5
587.0,23.37724828307883,22.5,23.5
587.4732807730909,23.3788841673453,22.5,23.5
588.0,23.38070473436338,22.5,23.5
588.4732807730909,23.38234353720673,22.5,23.5
589.0,23.3841673522937,22.5,23.5
589.4732807730909,23.38580486786856,22.5,23.5
590.0,23.38762725036119,22.5,23.5
590.6625930823274,23.38887624564702,22.5,23.5
591.0,23.38951225229445,22.5,23.5
591.6625930823274,23.39076640952846,22.5,23.5
592.0,23.39140504471532,22.5,23.5
592.6625930823274,23.39265821681735,22.5,23.5
593.0,23.39329635036062,22.5,23.5
593.6625930823274,23.3945548918424,22.5,23.5
594.0,23.39519575955228,22.5,23.5
594.6625930823274,23.39645978679798,22.5,23.5
595.0,23.39710344793899,22.5,23.5
595.6625930823274,23.39837375605224,22.5,23.5
596.0,23.39902061550277,22.5,23.5
596.6625930823274,23.40029610289141,22.5,23.5
597.0,23.40094559970465,22.5,23.5
597.6625930823274,23.4022280507158,22.5,23.5
598.0,23.40288109350736,22.5,23.5
598.6625930823274,23.40416825620744,22.5,23.5
599.0,23.40482369825985,22.5,23.5
599.6625930823274,23.40611584166462,22.5,23.5
600.000002,23.40677382387957,22.5,23.5
600.0,23.40677382387957,22.5,23.5
601.0,23.40632331613116,22.5,23.5
602.0,23.40710435465985,22.5,23.5
603.0,23.40789371276521,22.5,23.5
604.0,23.40869171400923,22.5,23.5
605.0,23.40949883774481,22.5,23.5
605.6625930724059,23.41055711999609,22.5,23.5
606.0,23.41109601280392,22.5,23.5
606.6625930819083,23.41215941586951,22.5,23.5
607.0,23.4127009162479,22.5,23.5
607.6625930823096,23.41376348401827,22.5,23.5
608.0,23.41430455905115,22.5,23.5
608.6625930823266,23.415372249024,22.5,23.5
609.0,23.41591593235719,22.5,23.5
609.6625930823272,23.41698278366683,22.5,23.5
610.0,23.41752603994046,22.5,23.5
610.7572492369454,23.41844496524702,22.5,23.5
611.0,23.41873954013829,22.5,23.5
611.7572492369454,23.41966449362708,22.5,23.5
612.0,23.41996100093996,22.5,23.5
612.7572492369454,23.42088522788407,22.5,23.5
613.0,23.42118150229248,22.5,23.5
613.7572492369454,23.42211190042927,22.5,23.5
614.0,23.42241015310337,22.5,23.5
614.8519053915636,23.42335381838041,22.5,23.5
615.0,23.42351786208752,22.5,23.5
615.5679369277091,23.42482007390465,22.5,23.5
616.0,23.42581072894441,22.5,23.5
616.5679369277091,23.42711718231847,22.5,23.5
617.0,23.4281110641142,22.5,23.5
617.5679369277092,23.42941649127803,22.5,23.5
618.0,23.43040959238637,22.5,23.5
618.5679369277092,23.43171914761603,22.5,23.5
619.0,23.43271538914221,22.5,23.5
619.5679369277092,23.43402391572514,22.5,23.5
620.0,23.43501937471038,22.5,23.5
620.5679369277092,23.43632687345458,22.5,23.5
621.0,23.43732155051355,22.5,23.5
621.5679369277092,23.43862802222638,22.5,23.5
622.0,23.43962191797329,22.5,23.5
622.5679369277092,23.44093215220549,22.5,23.5
623.0,23.4419289102815,22.5,23.5
623.5679369277092,23.44323811533362,22.5,23.5
624.0,23.44423409046294,22.5,23.5
624.5679369277092,23.4455422671434,22.5,23.5
625.0,23.44653745994103,22.5,23.5
625.5679369277092,23.44784945474442,22.5,23.5
626.0,23.44884755217145,22.5,23.5
626.5679369277092,23.45015851641185,22.5,23.5
627.0,23.45115582984013,22.5,23.5
627.5679369277092,23.45247056110144,22.5,23.5
628.0,23.45347074028337,22.5,23.5
628.5679369277092,23.4547899288488,22.5,23.5
629.0,23.45579349891594,22.5,23.5
629.5679369277092,23.45711165126773,22.5,23.5
630.000002,23.45811443690312,22.5,23.5
630.0,23.45811443690312,22.5,23.5
631.0,23.45768526664321,22.5,23.5
632.0,23.45843240579259,22.5,23.5
633.0,23.45918770938963,22.5,23.5
634.0,23.45994241970068,22.5,23.5
635.0,23.46070543865197,22.5,23.5
636.0,23.46146785825707,22.5,23.5
637.0,23.46223910772174,22.5,23.5
638.0,23.46300975137521,22.5,23.5
639.0,23.46378823586139,22.5,23.5
640.0,23.46456610885329,22.5,23.5
641.0,23.46535227871836,22.5,23.5
642.0,23.46613783105234,22.5,23.5
642.473280773091,23.46763198556404,22.5,23.5
643.0,23.46929482228156,22.5,23.5
643.473280773091,23.47078780314504,22.5,23.5
644.0,23.47244933371563,22.5,23.5
644.473280773091,23.47394549530656,22.5,23.5
645.0,23.47561056569204,22.5,23.5
645.473280773091,23.47710555205823,22.5,23.5
646.0,23.47876931454224,22.5,23.5
646.473280773091,23.48026716444126,22.5,23.5
647.0,23.48193411373594,22.5,23.5
647.473280773091,23.48324367759544,22.5,23.5
648.0,23.48470108434453,22.5,23.5
648.473280773091,23.48600961955052,22.5,23.5
649.0,23.48746588151651,22.5,23.5
649.473280773091,23.48877743498521,22.5,23.5
650.0,23.49023705595993,22.5,23.5
650.473280773091,23.49154757921229,22.5,23.5
651.0,23.49300605366466,22.5,23.5
651.473280773091,23.49431980545052,22.5,23.5
652.0,23.49578187292089,22.5,23.5
652.473280773091,23.49709459276366,22.5,23.5
653.0,23.49855551178996,22.5,23.5
653.473280773091,23.49987139456259,22.5,23.5
654.0,23.50133583359694,22.5,23.5
654.473280773091,23.49984906863388,22.5,23.5
655.0,23.49819445570626,22.5,23.5
655.473280773091,23.49951047270569,22.5,23.5
656.0,23.50097506112034,22.5,23.5
656.473280773091,23.49949303969984,22.5,23.5
657.0,23.49784370583587,22.5,23.5
657.473280773091,23.49935127054571,22.5,23.5
658.0,23.50102903140239,22.5,23.5
658.5679369277092,23.49948009222436,22.5,23.5
659.0,23.49830173983744,22.5,23.5
660.000002,23.49912351010687,22.5,23.5
660.0,23.49912351010687,22,24
661.0,23.49869317105025,22,24
662.0,23.49952333829315,22,24
663.0,23.50035285344105,22,24
663.378620230664,23.49842606978741,22,24
663.7572434608005,23.49649929166198,22,24
664.0,23.49526393748932,22,24
665.0,23.4960967983674,22,24
665.4732807643583,23.4976133256567,22,24
666.0,23.49930106098017,22,24
666.4732807727221,23.50082058651316,22,24
667.0,23.5025116585097,22,24
667.5679369276924,23.50097054245042,22,24
668.0,23.49979814148539,22,24
668.4732807730903,23.50131748222412,22,24
669.0,23.50300834856157,22,24
669.5679369277091,23.50146651266165,22,24
670.0,23.50029356407936,22,24
670.4732807730909,23.49845064935984,22,24
671.0,23.49639967923667,22,24
671.5679369277091,23.49755080851283,22,24
672.0,23.49842652781122,22,24
672.5679369277091,23.49957675288315,22,24
673.0,23.50045178430998,22,24
673.3786246184727,23.49881765744888,22,24
673.7572492369454,23.49718354822204,22,24
674.0,23.49613586754181,22,24
674.6625930823272,23.49740442986863,22,24
675.0,23.49805040033921,22,24
675.6625930823272,23.49905601364161,22,24
676.0,23.49956808662724,22,24
676.6625930823272,23.50057291002722,22,24
677.0,23.50108458078301,22,24
677.3786246184727,23.49930015472994,22,24
677.7572492369455,23.49751574793306,22,24
678.0,23.49637170658254,22,24
678.6625930823274,23.49737819358607,22,24
679.0,23.4978907114731,22,24
680.0,23.4986178378819,22,24
681.0,23.49934439313786,22,24
682.0,23.5000703776896,22,24
683.0,23.50079579198541,22,24
684.0,23.50152063647323,22,24
685.0,23.50224491160062,22,24
686.0,23.50296861781484,22,24
687.0,23.50369175556273,22,24
688.0,23.50441432529085,22,24
689.0,23.50513632744535,22,24
690.000002,23.50585776391383,22,24
690.0,23.50585776391383,22.5,23.5
691.0,23.50544718357546,22.5,23.5
692.0,23.50616837443068,22.5,23.5
692.3785207434794,23.50408023393221,22.5,23.5
692.757112491863,23.50199172426374,22.5,23.5
693.0,23.50065184204738,22.5,23.5
693.378620230664,23.49856848265864,22.5,23.5
693.7572434608005,23.49648512924736,22.5,23.5
694.0,23.4951493867995,22.5,23.5
695.0,23.49587866650019,22.5,23.5
695.4732807643583,23.49734620894867,22.5,23.5
696.0,23.49897942929788,22.5,23.5
696.4732807727221,23.50044581902766,22.5,23.5
697.0,23.50207775646747,22.5,23.5
697.4732807730754,23.50059446537533,22.5,23.5
698.0,23.49894371850034,22.5,23.5
698.4732807730903,23.50041012150717,22.5,23.5
699.0,23.50204207372052,22.5,23.5
699.4732807730909,23.50055882572349,22.5,23.5
700.0,23.49890812680893,22.5,23.5
700.4732807730909,23.50037454304739,22.5,23.5
701.0,23.50200650998615,22.5,23.5
701.4732807730909,23.50052330494054,22.5,23.5
702.0,23.49887265382639,22.5,23.5
702.4732807730909,23.50033908325235,22.5,23.5
703.0,23.5019710648674,22.5,23.5
703.4732807730909,23.50048790262996,22.5,23.5
704.0,23.4988372991568,22.5,23.5
704.4732807730909,23.50029899137573,22.5,23.5
705.0,23.50192570097794,22.5,23.5
705.3786246184727,23.50013306082947,22.5,23.5
705.7572492369454,23.49834044002582,22.5,23.5
706.0,23.49719113240787,22.5,23.5
706.6625930823272,23.49817830563396,22.5,23.5
707.0,23.49868098866335,22.5,23.5
707.6625930823274,23.49966738647158,22.5,23.5
708.0,23.50016967464686,22.5,23.5
708.3786246184727,23.49837209150014,22.5,23.5
708.7572492369455,23.4965745277516,22.5,23.5
709.0,23.49542205105059,22.5,23.5
709.6625930823274,23.49640446055523,22.5,23.5
710.0,23.49690471782805,22.5,23.5
710.7572492369455,23.49801929128298,22.5,23.5
711.0,23.49837658403785,22.5,23.5
711.7572492369455,23.49949028200291,22.5,23.5
712.0,23.49984729410675,22.5,23.5
712.7572492369455,23.50096011726963,22.5,23.5
713.0,23.50131684894289,22.5,23.5
713.3786246184727,23.49951450897465,22.5,23.5
713.7572492369455,23.49771218845591,22.5,23.5
714.0,23.49655666203451,22.5,23.5
714.7572492369455,23.49767144251866,22.5,23.5
715.0,23.49802880163976,22.5,23.5
715.5679369277092,23.49953782576771,22.5,23.5
716.0,23.50068581285999,22.5,23.5
716.4732807730909,23.49899498152634,22.5,23.5
717.0,23.49711326420547,22.5,23.5
717.5679369277092,23.4986226967669,22.5,23.5
718.0,23.49977099457413,22.5,23.5
718.5679369277092,23.50127924148655,22.5,23.5
719.0,23.50242663731366,22.5,23.5
719.4732807730909,23.50073370353234,22.5,23.5
720.0,23.49884964640849,22.5,23.5
720.000002,23.49884964933123,22.5,23.5
720.0,23.49884964933123,22,24
721.0,23.49843926873064,22,24
722.0,23.49911025743976,22,24
723.0,23.49977202277962,22,24
724.0,23.50043326830717,22,24
724.3786244331519,23.49832571216416,22,24
724.757248992988,23.49621817805916,22,24
725.0,23.49486696769364,22,24
725.6625930724059,23.49608753458522,22,24
726.0,23.49670906510654,22,24
726.6625930819083,23.49792867326861,22,24
727.0,23.49854971556444,22,24
727.6625930823096,23.49975029607746,22,24
728.0,23.50036164921528,22,24
728.3786246184721,23.49867860004709,22,24
728.7572492369447,23.49699556904109,22,24
729.0,23.49591652301389,22,24
730.0,23.49650501647061,22,24
731.0,23.49709304766973,22,24
732.0,23.49768061697432,22,24
733.0,23.49826772474724,22,24
733.6625930823272,23.49941033920397,22,24
734.0,23.49999217517899,22,24
734.6625930823272,23.50113389211983,22,24
735.0,23.50171527106665,22,24
735.3786246184727,23.4999584287444,22,24
735.7572492369454,23.49820160538068,22,24
736.0,23.49707524866808,22,24
736.6625930823272,23.49821848376673,22,24
737.0,23.49880063578169,22,24
737.6625930823274,23.49994297287695,22,24
738.0,23.50052466761546,22,24
738.3786246184727,23.49861928784492,22,24
738.7572492369455,23.49671392863581,22,24
739.0,23.49549234075202,22,24
739.7572492369455,23.49649351317469,22,24
740.0,23.49681445357697,22,24
740.7572492369455,23.49781483958551,22,24
741.0,23.49813552789129,22,24
741.7572492369455,23.49912837285537,22,24
742.0,23.49944664376951,22,24
742.7572492369455,23.50043175796346,22,24
743.0,23.50074755066663,22,24
743.3786246184727,23.49883162853008,22,24
743.7572492369455,23.49691572706871,22,24
744.0,23.49568738020345,22,24
744.7572492369455,23.49666776146627,22,24
745.0,23.49698203695943,22,24
745.7572492369455,23.49796164813944,22,24
746.0,23.49827567677134,22,24
746.7572492369455,23.49924762656301,22,24
747.0,23.49955919922529,22,24
747.7572492369455,23.50053038555701,22,24
748.0,23.50084171348108,22,24
748.4732807730909,23.49899533283218,22,24
749.0,23.49694050549438,22,24
750.000002,23.49742587137554,22,24
750.0,23.49742587137554,22.5,23.5
751.0,23.49702408163283,22.5,23.5
752.0,23.49750033446193,22.5,23.5
753.0,23.49796742819325,22.5,23.5
754.0,23.49843415502552,22.5,23.5
755.0,23.49889163975224,22.5,23.5
755.5679369182972,23.50004938405492,22.5,23.5
756.0,23.5009301357553,22.5,23.5
756.3786246181422,23.49928993866766,22.5,23.5
756.7572492365103,23.49764975927881,22.5,23.5
757.0,23.49659818681772,22.5,23.5
757.5679369276924,23.49775214626257,22.5,23.5
758.0,23.4986300186062,22.5,23.5
758.5679369277084,23.49977816505196,22.5,23.5
759.0,23.50065161516807,22.5,23.5
759.3786246184727,23.49900497044322,22.5,23.5
759.7572492369454,23.49735834348772,22.5,23.5
760.0,23.4963026372837,22.5,23.5
761.0,23.49713093357572,22.5,23.5
762.0,23.49794909960943,22.5,23.5
763.0,23.49875582862534,22.5,23.5
764.0,23.49956192396109,22.5,23.5
765.0,23.50035760774809,22.5,23.5
765.4732807730909,23.49846844732959,22.5,23.5
766.0,23.49636601061064,22.5,23.5
766.5679369277091,23.49770181073673,22.5,23.5
767.0,23.49871801801547,22.5,23.5
767.5679369277092,23.50004644720607,22.5,23.5
768.0,23.50105704706035,22.5,23.5
768.4732807730909,23.49914785215562,22.5,23.5
769.0,23.49702311916206,22.5,23.5
769.5679369277092,23.49834633116928,22.5,23.5
770.0,23.49935296206171,22.5,23.5
771.0,23.50009070742552,22.5,23.5
771.3786246184727,23.49796216334443,22.5,23.5
771.7572492369455,23.49583364223298,22.5,23.5
772.0,23.49446897798085,22.5,23.5
773.0,23.49520149523097,22.5,23.5
774.0,23.49593343709377,22.5,23.5
775.0,23.49665384179281,22.5,23.5
775.6625930823274,23.49764752720339,22.5,23.5
776.0,23.49815352633226,22.5,23.5
776.6625930823274,23.49914075747505,22.5,23.5
777.0,23.49964346999647,22.5,23.5
777.7572492369455,23.50076215704361,22.5,23.5
778.0,23.50112076847038,22.5,23.5
778.3786246184727,23.49926809251527,22.5,23.5
778.7572492369455,23.49741543655285,22.5,23.5
779.0,23.49622763843809,22.5,23.5
779.7572492369455,23.49732814312212,22.5,23.5
780.000002,23.49768092883189,22.5,23.5
780.0,23.49768092883189,22,24
781.0,23.4972791318198,22,24
782.0,23.49753273932707,22,24
783.0,23.4977676343887,22,24
784.0,23.49799388334885,22,24
785.0,23.49821000629449,22,24
786.0,23.4988213021339,22,24
787.0,23.49942162809268,22,24
788.0,23.5000024988023,22,24
788.3786246184721,23.49781094870475,22,24
788.7572492369447,23.49561942225676,22,24
789.0,23.49421436323006,22,24
790.0,23.49477982275071,22,24
790.8519053915636,23.49559060169122,22,24
791.0,23.49573154486914,22,24
791.8519053915636,23.49653341450607,22,24
792.0,23.49667280891959,22,24
792.8519053915636,23.49750143702343,22,24
793.0,23.49764548304194,22,24
793.8519053915636,23.49846333806411,22,24
794.0,23.49860551132509,22,24
794.8519053915636,23.4994133270886,22,24
795.0,23.49955375515745,22,24
796.0,23.50009570148702,22,24
796.3786246184727,23.4979229363111,22,24
796.7572492369455,23.49575019458201,22,24
797.0,23.49435717905079,22,24
798.0,23.49448973698415,22,24
799.0,23.49462219079414,22,24
800.0,23.49474568512017,22,24
801.0,23.49486044526235,22,24
802.0,23.49497511526121,22,24
803.0,23.49508103589864,22,24
804.0,23.49517800658212,22,24
805.0,23.49526550886641,22,24
806.0,23.49534413839223,22,24
807.0,23.49541330826992,22,24
808.0,23.49547390412166,22,24
809.0,23.49552498687807,22,24
810.000002,23.49556468943047,22,24
810.0,23.49556468943047,22,24
811.0,23.49515725254726,22,24
811.8485869058321,23.49604350582712,22,24
812.0,23.4962016374344,22,24
812.851764842837,23.49707997389512,22,24
813.0,23.49723283117889,22,24
813.8518994547682,23.49810088718431,22,24
814.0,23.4982517943221,22,24
814.8519051408211,23.49909845680953,22,24
815.0,23.49924563815924,22,24
815.8519053809736,23.50006658928075,22,24
816.0,23.50020930076956,22,24
816.8519053911165,23.50101704639308,22,24
817.0,23.50115746226953,22,24
817.8519053915448,23.50196457341476,22,24
818.0,23.50210487899508,22,24
818.8519053915629,23.50289629937485,22,24
819.0,23.50303387732344,22,24
820.0,23.50394672204551,22,24
821.0,23.50483438753653,22,24
822.0,23.50571009729992,22,24
823.0,23.50657175951092,22,24
824.0,23.50740826726948,22,24
825.0,23.5082306283565,22,24
826.0,23.50903897248456,22,24
827.0,23.50982361764873,22,24
828.0,23.5105963472167,22,24
829.0,23.51135307986124,22,24
830.0,23.51209104617912,22,24
831.0,23.51279784899802,22,24
832.0,23.51349261500863,22,24
833.0,23.51417376798473,22,24
834.0,23.51484062621209,22,24
835.0,23.51548160961135,22,24
836.0,23.51610773886925,22,24
837.0,23.51672068674531,22,24
838.0,23.51732044028468,22,24
839.0,23.51790610903652,22,24
840.000002,23.51847590146047,22,24
840.0,23.51847590146047,22,24
841.0,23.51806781158641,22,24
841.5649884367042,23.51939380853948,22,24
842.0,23.52041474225453,22,24
842.5678120160466,23.52173561043232,22,24
843.0,23.52274096988581,22,24
843.5679316513655,23.52405036762171,22,24
844.0,23.52504651075397,22,24
844.5679367048609,23.52634421001843,22,24
845.0,23.52733143303932,22,24
845.5679369182972,23.52861509136754,22,24
846.0,23.52959163191512,22,24
846.5679369273116,23.53086357495911,22,24
847.0,23.53183120309172,22,24
847.5679369276924,23.5330901285976,22,24
848.0,23.53404785366258,22,24
848.5679369277084,23.53528284380013,22,24
849.0,23.53622236008138,22,24
849.5679369277092,23.53744672906691,22,24
850.0,23.53837816532797,22,24
850.5679369277092,23.53958057382505,22,24
851.0,23.54049530368835,22,24
851.5679369277092,23.54168587352078,22,24
852.0,23.54259159714361,22,24
852.5679369277092,23.54376796703777,22,24
853.0,23.5446628880859,22,24
853.5679369277092,23.54581399659401,22,24
854.0,23.54668970009314,22,24
854.5679369277092,23.54782734283023,22,24
855.0,23.54869280227095,22,24
855.6625930823274,23.54999362078056,22,24
856.0,23.55065601657068,22,24
856.6625930823274,23.55191326198974,22,24
857.0,23.55255346972554,22,24
857.6625930823274,23.5537974977486,22,24
858.0,23.55443097499326,22,24
858.6625930823274,23.55566108193093,22,24
859.0,23.55628747035552,22,24
859.6625930823274,23.55749260789125,22,24
860.0,23.55810628153156,22,24
860.6625930823274,23.55929865005854,22,24
861.0,23.55990582153305,22,24
861.6625930823274,23.5610854924042,22,24
862.0,23.56168619804685,22,24
862.6625930823274,23.56285297103468,22,24
863.0,23.5634471088867,22,24
863.6625930823274,23.56458858985445,22,24
864.0,23.56516984864033,22,24
864.6625930823274,23.5662989519655,22,24
865.0,23.56687390787494,22,24
865.6625930823274,23.56797917963789,22,24
866.0,23.56854200016766,22,24
866.6625930823274,23.56963435310814,22,24
867.0,23.57019059518477,22,24
867.6625930823274,23.57126751601147,22,24
868.0,23.5718158998303,22,24
868.6625930823274,23.5728655949771,22,24
869.0,23.57340011508196,22,24
869.6625930823274,23.5744366155007,22,24
870.000002,23.57496441974107,22,24
870.0,23.57496441974107,22,24
871.0,23.57455471989173,22,24
872.0,23.57373126095926,22,24
873.0,23.57288025571106,22,24
874.0,23.57201057248214,22,24
875.0,23.57113308842441,22,24
876.0,23.57023552937814,22,24
877.0,23.56932073387114,22,24
877.8519053915448,23.56852188760564,22,24
878.0,23.56838301876517,22,24
878.8519053915629,23.5675696701265,22,24
879.0,23.56742828024059,22,24
879.8519053915637,23.56660036155769,22,24
880.0,23.56645643886261,22,24
880.8519053915637,23.56561322001261,22,24
881.0,23.56546663758617,22,24
881.8519053915637,23.56460796808189,22,24
882.0,23.56445869976389,22,24
882.8519053915637,23.56358324767792,22,24
883.0,23.56343106193042,22,24
883.8519053915637,23.56254856229516,22,24
884.0,23.56239515142458,22,24
884.8519053915637,23.56149657561714,22,24
885.0,23.561340370117,22,24
885.8519053915637,23.56042575332312,22,24
886.0,23.56026675930999,22,24
886.8519053915637,23.55934392752725,22,24
887.0,23.55918350544714,22,24
887.8519053915637,23.55824364384727,22,24
888.0,23.55808026135905,22,24
888.8519053915637,23.55713296346926,22,24
889.0,23.55696828828055,22,24
889.8519053915637,23.55600278312146,22,24
890.0,23.55583494284019,22,24
890.8519053915637,23.5548620147447,22,24
891.0,23.55469288408427,22,24
891.7572492369455,23.55381190637353,22,24
892.0,23.55352949613681,22,24
892.7572492369455,23.55263267311362,22,24
893.0,23.5523451834312,22,24
893.7572492369455,23.55144236178144,22,24
894.0,23.55115294915191,22,24
894.7572492369455,23.55023430499357,22,24
895.0,23.54993982022846,22,24
895.7572492369455,23.54901416981082,22,24
896.0,23.54871743908724,22,24
896.7572492369455,23.54777610926936,22,24
897.0,23.54747435228566,22,24
897.7572492369455,23.54651063439847,22,24
898.0,23.54620170059307,22,24
898.7572492369455,23.5452304733786,22,24
899.0,23.54491913234897,22,24
899.7572492369455,23.54393812302628,22,24
900.000002,23.543623643571,22,24
900.0,23.543623643571,22,24
901.0,23.54321483696291,22,24
901.4705455184557,23.54512059788867,22,24
902.0,23.54726491587682,22,24
902.4731648772255,23.54913645475591,22,24
903.0,23.55122024912168,22,24
903.4732758775481,23.55307044038595,22,24
904.0,23.55512954897448,22,24
904.4732805663259,23.55693579277413,22,24
905.0,23.55894595369023,22,24
905.4732807643583,23.56073002206884,22,24
906.0,23.56271550247747,22,24
906.4732807727221,23.56445859810365,22,24
907.0,23.56639848008438,22,24
907.4732807730754,23.56816367877289,22,24
908.0,23.57012815913297,22,24
908.4732807730903,23.57187059968115,22,24
909.0,23.57380975262614,22,24
909.473280773091,23.57551177190168,22,24
910.0,23.5774059402244,22,24
910.473280773091,23.57906949192193,22,24
911.0,23.58092084987889,22,24
911.473280773091,23.58254600801665,22,24
912.0,23.58435463798234,22,24
912.473280773091,23.58596251521237,22,24
913.0,23.58775191334653,22,24
913.473280773091,23.58932103582153,22,24
914.0,23.59106730399213,22,24
914.473280773091,23.59259805841175,22,24
915.0,23.59430162697478,22,24
915.473280773091,23.5957990529905,22,24
916.0,23.59746553054768,22,24
916.473280773091,23.59892920804281,22,24
917.0,23.60055812704848,22,24
917.473280773091,23.60198777396997,22,24
918.0,23.60357882052876,22,24
918.473280773091,23.6049730176475,22,24
919.0,23.60652461230678,22,24
919.473280773091,23.60789691164649,22,24
920.0,23.60942413638237,22,24
920.473280773091,23.61075491374238,22,24
921.0,23.6122359288849,22,24
921.5679369277092,23.61379107767516,22,24
922.0,23.6149741540122,22,24
922.5679369277092,23.61648652584354,22,24
923.0,23.6176370596945,22,24
923.5679369277092,23.61910537702332,22,24
924.0,23.62022239649945,22,24
924.5679369277092,23.62164764472913,22,24
925.0,23.62273189947406,22,24
925.5679369277092,23.62411496920531,22,24
926.0,23.62516713674178,22,24
926.5679369277092,23.62650751620666,22,24
927.0,23.62752720720823,22,24
927.5679369277092,23.6288251623831,22,24
928.0,23.62981257919077,22,24
928.5679369277092,23.63106763062236,22,24
929.0,23.63202240849299,22,24
929.5679369277092,23.63323301709238,22,24
930.000002,23.6341539892809,22,24
930.0,23.6341539892809,21,25
931.0,23.63371980173009,21,25
931.4705455184557,23.63524373481467,21,25
932.0,23.63695842897269,21,25
932.4731648772255,23.63846727497262,21,25
933.0,23.64014724263379,21,25
933.4732758775481,23.64160388495669,21,25
934.0,23.64322500639178,21,25
934.4732805663259,23.64465405390648,21,25
935.0,23.64624443470772,21,25
935.4732807643583,23.64761534260174,21,25
936.0,23.64914101885847,21,25
936.4732807727221,23.65046714992515,21,25
937.0,23.65194299423437,21,25
937.5679369276924,23.65347846566766,21,25
938.0,23.65464657249474,21,25
938.5679369277084,23.65614579463855,21,25
939.0,23.65728632489098,21,25
939.5679369277092,23.65873226892814,21,25
940.0,23.65983226796731,21,25
940.5679369277092,23.66124380848564,21,25
941.0,23.66231763511653,21,25
941.5679369277092,23.66370270907958,21,25
942.0,23.6647564013314,21,25
942.5679369277092,23.66611012003651,21,25
943.0,23.66713995883845,21,25
943.5679369277092,23.66846357045527,21,25
944.0,23.66947050534991,21,25
944.5679369277092,23.67073390567245,21,25
945.0,23.6716950349452,21,25
945.5679369277092,23.67292883933561,21,25
946.0,23.67386745356209,21,25
946.5679369277092,23.67507326214551,21,25
947.0,23.67599057861771,21,25
947.5679369277092,23.67714150279831,21,25
948.0,23.67801706607066,21,25
948.5679369277092,23.67914178316105,21,25
949.0,23.67999740944185,21,25
949.6625930823274,23.6812365759247,21,25
950.0,23.68186757760206,21,25
950.6625930823274,23.68306934916043,21,25
951.0,23.68368130879591,21,25
951.6625930823274,23.68480060411578,21,25
952.0,23.68537056564563,21,25
952.6625930823274,23.68641986740681,21,25
953.0,23.68695418719396,21,25
953.7572492369455,23.68807133884672,21,25
954.0,23.68842945808046,21,25
954.7572492369455,23.68946049636717,21,25
955.0,23.68979101070717,21,25
955.7572492369455,23.69073859245659,21,25
956.0,23.691042353588,21,25
956.8519053915637,23.69201811265949,21,25
957.0,23.6921877354476,21,25
957.8519053915637,23.69307089940266,21,25
958.0,23.69322442575644,21,25
958.8519053915637,23.69402113061722,21,25
959.0,23.69415962720283,21,25
960.000002,23.69499949591466,21,25
960.0,23.69499949591466,21,25
961.0,23.69456357421036,21,25
961.6594846189682,23.69350483828663,21,25
962.0,23.69295818308904,21,25
962.6624614087364,23.69187144396321,21,25
963.0,23.69131773452858,21,25
963.662587520383,23.69021881502443,21,25
964.0,23.68965921523582,21,25
964.6625928474167,23.688531360446,21,25
965.0,23.68795703970553,21,25
965.6625930724059,23.6868020700608,21,25
966.0,23.68621394261743,21,25
966.6625930819083,23.68504541341411,21,25
967.0,23.68445038127039,21,25
967.6625930823096,23.6834569268306,21,25
968.0,23.6829510453154,21,25
968.6625930823266,23.68194589030566,21,25
969.0,23.68143405068932,21,25
969.6625930823274,23.68041402232116,21,25
970.0,23.67989460897342,21,25
970.6625930823274,23.67884505423012,21,25
971.0,23.67831060562077,21,25
971.6625930823274,23.67724927002465,21,25
972.0,23.67670882243292,21,25
972.6625930823274,23.67562052520492,21,25
973.0,23.67506634835634,21,25
973.6625930823274,23.673954511713,21,25
974.0,23.67338834825023,21,25
974.6625930823274,23.67225687685258,21,25
975.0,23.67168071508604,21,25
975.6625930823274,23.67053339333305,21,25
976.0,23.669949160334,21,25
976.6625930823274,23.66878927395826,21,25
977.0,23.66819864286973,21,25
977.6625930823274,23.6669965950254,21,25
978.0,23.66638449470108,21,25
978.6625930823274,23.66515439552719,21,25
979.0,23.66452801105602,21,25
979.6625930823274,23.66328635801648,21,25
980.0,23.66265409014812,21,25
980.6625930823274,23.66138832963286,21,25
981.0,23.66074378588566,21,25
981.6625930823274,23.65946774130602,21,25
982.0,23.65881796076299,21,25
982.6625930823274,23.65752030294823,21,25
983.0,23.6568595166301,21,25
983.5679369277092,23.65573639069325,21,25
984.0,23.65488197487932,21,25
984.5679369277092,23.65374835280945,21,25
985.0,23.6528859520833,21,25
985.5679369277092,23.65173217907681,21,25
986.0,23.65085444856586,21,25
986.5679369277092,23.64969159115181,21,25
987.0,23.64880694969595,21,25
987.5679369277092,23.64763537798398,21,25
988.0,23.64674410714337,21,25
988.5679369277092,23.64556241170869,21,25
989.0,23.64466343926625,21,25
989.5679369277092,23.64347167741141,21,25
990.000002,23.64256504273221,21,25
990.0,23.64256504273221,21,25
991.0,23.64207646369227,21,25
991.7540207689569,23.64119561210372,21,25
992.0,23.6409082618215,21,25
992.757112491863,23.63998660061895,21,25
993.0,23.63969092887114,21,25
993.7572434608005,23.63873641648575,21,25
994.0,23.63843042402325,21,25
994.757248992988,23.63739821863076,21,25
995.0,23.63706732971887,21,25
995.757249226642,23.63599847042688,21,25
996.0,23.63565583199356,21,25
996.6625930819083,23.63465619532613,21,25
997.0,23.63414716572938,21,25
997.6625930823096,23.63311679257475,21,25
998.0,23.63259211151057,21,25
998.6625930823266,23.63152998096752,21,25
999.0,23.63098912857721,21,25
999.6625930823274,23.62989563352861,21,25
1000.0,23.62933880987384,21,25
1000.6625930823274,23.62821300571318,21,25
1001.0,23.62763972978651,21,25
1001.6625930823274,23.62647660148741,21,25
1002.0,23.62588431956414,21,25
1002.6625930823274,23.62468240595634,21,25
1003.0,23.62407037398723,21,25
1003.6625930823274,23.62283488476961,21,25
1004.0,23.62220575560944,21,25
1004.6625930823274,23.62094192279162,21,25
1005.0,23.62029836065613,21,25
1005.6625930823274,23.61900517423234,21,25
1006.0,23.61834666481182,21,25
1006.5679369277092,23.6172106769478,21,25
1007.0,23.61634647644847,21,25
1007.5679369277092,23.61518525582759,21,25
1008.0,23.61430185955885,21,25
1008.5679369277092,23.61311558952933,21,25
1009.0,23.61221313697298,21,25
1009.5679369277092,23.61102779875049,21,25
1010.0,23.61012605506449,21,25
1010.5679369277092,23.60891467892791,21,25
1011.0,23.60799312695076,21,25
1011.5679369277092,23.60675553770305,21,25
1012.0,23.60581404415395,21,25
1012.5679369277092,23.60457742702418,21,25
1013.0,23.60363667301186,21,25
1013.5679369277092,23.60237605562568,21,25
1014.0,23.60141704346621,21,25
1014.5679369277092,23.60015741628641,21,25
1015.0,23.59919915742447,21,25
1015.5679369277092,23.59791368939089,21,25
1016.0,23.59693577215103,21,25
1016.5679369277092,23.59565131384385,21,25
1017.0,23.59467416475134,21,25
1017.5679369277092,23.59336581239005,21,25
1018.0,23.59237048594358,21,25
1018.5679369277092,23.59106316128417,21,25
1019.0,23.59006861665986,21,25
1019.5679369277092,23.58873748453108,21,25
1020.000002,23.58772482373803,21,25
1020.0,23.58772482373803,21,25
1021.0,23.58723780769531,21,25
1021.5649884367042,23.585739546464,21,25
1022.0,23.58458598015945,21,25
1022.5678120160466,23.58307623486621,21,25
1023.0,23.58192711436467,21,25
1023.5679316513655,23.58041823712273,21,25
1024.0,23.57927033709146,21,25
1024.5679367048608,23.57776263164691,21,25
1025.0,23.57661564669876,21,25
1025.5679369182972,23.57510407021137,21,25
1026.0,23.57395414137265,21,25
1026.5679369273116,23.57253504699725,21,25
1027.0,23.57145547378292,21,25
1027.5679369276925,23.57003749409556,21,25
1028.0,23.5689587688796,21,25
1028.5679369277084,23.5675367819492,21,25
1029.0,23.56645500823117,21,25
1029.567936927709,23.56503413826184,21,25
1030.0,23.56395321426971,21,25
1030.567936927709,23.56253346038407,21,25
1031.0,23.56145338545039,21,25
1031.567936927709,23.56002980734833,21,25
1032.0,23.55894682314964,21,25
1032.567936927709,23.5575243632585,21,25
1033.0,23.55644222973653,21,25
1033.567936927709,23.55502088717796,21,25
1034.0,23.55393960366452,21,25
1034.567936927709,23.55251937756087,21,25
1035.0,23.55143894338827,21,25
1035.567936927709,23.55001468640091,21,25
1036.0,23.54893118574158,21,25
1036.567936927709,23.5475080474984,21,25
1037.0,23.54642539792148,21,25
1037.567936927709,23.54500337754371,21,25
1038.0,23.54392157838066,21,25
1038.567936927709,23.54250067499023,21,25
1039.0,23.54141972557307,21,25
1039.567936927709,23.53999512618742,21,25
1040.0,23.53891136504928,21,25
1040.567936927709,23.53748788467675,21,25
1041.0,23.53640497482561,21,25
1041.567936927709,23.53498261258725,21,25
1042.0,23.53390055335443,21,25
1042.567936927709,23.53247930837192,21,25
1043.0,23.53139809908928,21,25
1043.567936927709,23.52997797048504,21,25
1044.0,23.52889761048493,21,25
1044.567936927709,23.52747859738206,21,25
1045.0,23.52639908599738,21,25
1045.567936927709,23.52498118751966,21,25
1046.0,23.52390252408383,21,25
1046.567936927709,23.52248092900263,21,25
1047.0,23.52139945338309,21,25
1047.567936927709,23.51997897495516,21,25
1048.0,23.51889834882737,21,25
1048.567936927709,23.51747898617558,21,25
1049.0,23.51639920887227,21,25
1049.567936927709,23.51498096112019,21,25
1050.000002,23.51390202698411,21,25
1050.0,23.51390202698411,21,25
1051.0,23.5133886140301,21,25
1051.5649884367042,23.51197906525205,21,25
1052.0,23.5108938019208,21,25
1052.5678120160467,23.50947832158962,21,25
1053.0,23.5084009494823,21,25
1053.5679316513656,23.50698628300333,21,25
1054.0,23.50591005516298,21,25
1054.5679367048608,23.50449648731712,21,25
1055.0,23.50342111742423,21,25
1055.5679369182972,23.50200865939548,21,25
1056.0,23.50093413472914,21,25
1056.5679369273116,23.49952278615417,21,25
1057.0,23.49844910554205,21,25
1057.5679369276925,23.49703886557084,21,25
1058.0,23.49596602832849,21,25
1058.5679369277084,23.49455689609114,21,25
1059.0,23.49348490155519,21,25
1059.567936927709,23.49207687618163,21,25
1060.0,23.49100572369009,21,25
1060.567936927709,23.48959880431089,21,25
1061.0,23.48852849320236,21,25
1061.567936927709,23.48712267894876,21,25
1062.0,23.48605320856232,21,25
1062.567936927709,23.48464849856626,21,25
1063.0,23.48357986824153,21,25
1063.567936927709,23.48217626163563,21,25
1064.0,23.48110847071276,21,25
1064.567936927709,23.47970596663029,21,25
1065.0,23.47863901444993,21,25
1065.567936927709,23.47723761202488,21,25
1066.0,23.4761714979282,21,25
1066.567936927709,23.47477119629523,21,25
1067.0,23.47370591962392,21,25
1067.567936927709,23.47230671791836,21,25
1068.0,23.47124227801464,21,25
1068.567936927709,23.4698441753725,21,25
1069.0,23.46878057157908,21,25
1069.567936927709,23.46738356713706,21,25
1070.0,23.46632079879718,21,25
1070.567936927709,23.46492489169266,21,25
1071.0,23.46386295815009,21,25
1071.567936927709,23.46246814752109,21,25
1072.0,23.4614070481201,21,25
1072.567936927709,23.46001333310537,21,25
1073.0,23.45895306719074,21,25
1073.567936927709,23.45756044692968,21,25
1074.0,23.45650101384672,21,25
1074.567936927709,23.4551094874794,21,25
1075.0,23.45405088657392,21,25
1075.567936927709,23.4526604532411,21,25
1076.0,23.45160268385943,21,25
1076.567936927709,23.45021334270255,21,25
1077.0,23.44915640419153,21,25
1077.567936927709,23.44776815435267,21,25
1078.0,23.44671204605967,21,25
1078.567936927709,23.44532488668162,21,25
1079.0,23.44426960795451,21,25
1079.567936927709,23.44288353818071,21,25
1080.000002,23.44182908358555,21,25
1080.0,23.44182908358555,21,25
1081.0,23.44131772477742,21,25
1081.5649884367042,23.43994910240898,21,25
1082.0,23.43889534982239,21,25
1082.5678120160467,23.43752096812414,21,25
1083.0,23.4364748776389,21,25
1083.5679316513656,23.43510128616257,21,25
1084.0,23.43405630672037,21,25
1084.5679367048608,23.4326837819782,21,25
1085.0,23.43163963557286,21,25
1085.5679369182972,23.43029117426509,21,25
1086.0,23.42926533497831,21,25
1086.5679369273116,23.42791793285634,21,25
1087.0,23.42689289938074,21,25
1087.5679369276925,23.42554655563307,21,25
1088.0,23.4245223273152,21,25
1088.5679369277084,23.42317704111134,21,25
1089.0,23.42215361731788,21,25
1089.567936927709,23.42080938782719,21,25
1090.0,23.41978676792617,21,25
1090.567936927709,23.4184435943186,21,25
1091.0,23.41742177767856,21,25
1091.567936927709,23.41607965912473,21,25
1092.0,23.4150586451147,21,25
1092.567936927709,23.41371758078587,21,25
1093.0,23.4126973687754,21,25
1093.567936927709,23.41135735784348,21,25
1094.0,23.41033794720261,21,25
1094.567936927709,23.40899898884017,21,25
1095.0,23.40798037893942,21,25
1095.567936927709,23.40664247231966,21,25
1096.0,23.40562466253008,21,25
1096.567936927709,23.40428780682687,21,25
1097.0,23.40327079651995,21,25
1097.567936927709,23.40193499090781,21,25
1098.0,23.40091877945557,21,25
1098.567936927709,23.39958402310964,21,25
1099.0,23.39856860988458,21,25
1099.567936927709,23.3972349019807,21,25
1100.0,23.39622028635583,21,25
1100.567936927709,23.39488762607043,21,25
1101.0,23.39387380741923,21,25
1101.567936927709,23.39254219392942,21,25
1102.0,23.39152917162588,21,25
1102.567936927709,23.39019860410941,21,25
1103.0,23.389186377528,21,25
1103.567936927709,23.38785685516327,21,25
1104.0,23.38684542367896,21,25
1104.567936927709,23.38551694564501,21,25
1105.0,23.38450630863325,21,25
1105.567936927709,23.38317887410976,21,25
1106.0,23.38216903094649,21,25
1106.567936927709,23.38084263911379,21,25
1107.0,23.37983358917547,21,25
1107.567936927709,23.37850823921453,21,25
1108.0,23.37749998187806,21,25
1108.567936927709,23.37617567297051,21,25
1109.0,23.37516820761333,21,25
1109.567936927709,23.37384493894142,21,25
1110.000002,23.37283826028514,21,25
1110.0,23.37283826028514,21,25
1111.0,23.37227471601333,21,25
1111.5649884367042,23.37097748433919,21,25
1112.0,23.36997869806801,21,25
1112.5678120160467,23.3686760074848,21,25
1113.0,23.36768448364101,21,25
1113.5679316513656,23.36638254205981,21,25
1114.0,23.36539207130432,21,25
1114.5679367048608,23.36409114081383,21,25
1115.0,23.36310145964197,21,25
1115.5679369182972,23.36180155053502,21,25
1116.0,23.36081264723949,21,25
1116.5679369273116,23.35951375918168,21,25
1117.0,23.35852563268359,21,25
1117.5679369276925,23.35722776489265,21,25
1118.0,23.35624041456207,21,25
1118.5679369277084,23.35494356623742,21,25
1119.0,23.35395699146385,21,25
1119.567936927709,23.35266116180474,21,25
1120.0,23.35167536197894,21,25
1120.567936927709,23.35038055018521,21,25
1121.0,23.34939552469847,21,25
1121.567936927709,23.3481017299706,21,25
1122.0,23.34711747821468,21,25
1122.567936927709,23.34582469975377,21,25
1123.0,23.34484122112092,21,25
1123.567936927709,23.34354945812869,21,25
1124.0,23.34256675201162,21,25
1124.567936927709,23.34127600369045,21,25
1125.0,23.34029406948235,21,25
1125.567936927709,23.33900433503521,21,25
1126.0,23.33802317212974,21,25
1126.567936927709,23.33673445076024,21,25
1127.0,23.33575405855157,21,25
1127.567936927709,23.33446634946393,21,25
1128.0,23.33348672734668,21,25
1128.567936927709,23.33220002974577,21,25
1129.0,23.33122117711503,21,25
1129.567936927709,23.32993549020635,21,25
1130.0,23.32895740645769,21,25
1130.567936927709,23.32767272944733,21,25
1131.0,23.3266954139768,21,25
1131.567936927709,23.32541174607149,21,25
1132.0,23.32443519827562,21,25
1132.567936927709,23.32315253868273,21,25
1133.0,23.32217675795851,21,25
1133.567936927709,23.32089510588601,21,25
1134.0,23.31992009163091,21,25
1134.567936927709,23.31863944628739,21,25
1135.0,23.31766519789936,21,25
1135.567936927709,23.31638555849404,21,25
1136.0,23.3154120753715,21,25
1136.567936927709,23.31413344111424,21,25
1137.0,23.31316072265607,21,25
1137.567936927709,23.31188309275732,21,25
1138.0,23.31091113836288,21,25
1138.567936927709,23.30963451203373,21,25
1139.0,23.30866332110286,21,25
1139.567936927709,23.30738769755501,21,25
1140.000002,23.30641726499938,21,25
1140.0,23.30641726499938,21,25
1141.0,23.30585561378768,21,25
1141.5649884367042,23.30458785873464,21,25
1142.0,23.30361176759576,21,25
1142.5678120160467,23.30233867767488,21,25
1143.0,23.30136968394134,21,25
1143.5679316513656,23.30009732600311,21,25
1144.0,23.29912936142886,21,25
1144.5679367048608,23.29786122897107,21,25
1145.0,23.29689649885976,21,25
1145.5679369182972,23.2956293620352,21,25
1146.0,23.29466539018902,21,25
1146.5679369273116,23.29339924867173,21,25
1147.0,23.29243603403898,21,25
1147.5679369276925,23.29117088706638,21,25
1148.0,23.29020842903303,21,25
1148.5679369277084,23.28894427582474,21,25
1149.0,23.28798257379566,21,25
1149.567936927709,23.28671941357112,21,25
1150.0,23.28575846695245,21,25
1150.567936927709,23.28449629893167,21,25
1151.0,23.28353610713003,21,25
1151.567936927709,23.28227493053365,21,25
1152.0,23.28131549295614,21,25
1152.567936927709,23.2800553070054,21,25
1153.0,23.27909662305958,21,25
1153.567936927709,23.27783742697634,21,25
1154.0,23.27687949607025,21,25
1154.567936927709,23.27562128907697,21,25
1155.0,23.27466411061909,21,25
1155.567936927709,23.27340689193884,21,25
1156.0,23.27245046533812,21,25
1156.567936927709,23.27119423419461,21,25
1157.0,23.27023855886049,21,25
1157.567936927709,23.26898331447799,21,25
1158.0,23.26802838982034,21,25
1158.567936927709,23.26677413142376,21,25
1159.0,23.26581995685294,21,25
1159.567936927709,23.26456668366781,21,25
1160.0,23.26361325859463,21,25
1160.567936927709,23.26236096984706,21,25
1161.0,23.26140829368278,21,25
1161.567936927709,23.26015698859951,21,25
1162.0,23.25920506075589,21,25
1162.567936927709,23.25795473856425,21,25
1163.0,23.25700355845348,21,25
1163.567936927709,23.25575421838142,21,25
1164.0,23.25480378541614,21,25
1164.567936927709,23.25355542669222,21,25
1165.0,23.25260574028558,21,25
1165.567936927709,23.25135836213894,21,25
1166.0,23.25040942170452,21,25
1166.567936927709,23.24916302336493,21,25
1167.0,23.24821482831676,21,25
1167.567936927709,23.24696940901459,21,25
1168.0,23.24602195876719,21,25
1168.567936927709,23.24477751773341,21,25
1169.0,23.24383081170173,21,25
1169.567936927709,23.24258734816793,21,25
1170.000002,23.24164138139193,21,25
1170.0,23.24164138139193,21,25
1171.0,23.24108727653905,21,25
1171.5649884367042,23.2398604276013,21,25
1172.0,23.23891583158173,21,25
1172.5678120160467,23.23768381991405,21,25
1173.0,23.23674609229085,21,25
1173.5679316513656,23.23551478898725,21,25
1174.0,23.2345780573159,21,25
1174.5679367048608,23.23334771024515,21,25
1175.0,23.23241172531769,21,25
1175.5679369182972,23.23118234421419,21,25
1176.0,23.23024709495853,21,25
1176.5679369273116,23.22901867950603,21,25
1177.0,23.2280841649018,21,25
1177.5679369276925,23.22685671436046,21,25
1178.0,23.22592293381192,21,25
1178.5679369277084,23.2246964474246,21,25
1179.0,23.22376340035436,21,25
1179.567936927709,23.22253787736376,21,25
1180.0,23.22160556319566,21,25
1180.567936927709,23.22038100284503,21,25
1181.0,23.21944942100336,21,25
1181.567936927709,23.21822582253656,21,25
1182.0,23.2172949724461,21,25
1182.567936927709,23.21607233510758,21,25
1183.0,23.21514221619353,21,25
1183.567936927709,23.21392053922832,21,25
1184.0,23.21299115091635,21,25
1184.567936927709,23.21177043357009,21,25
1185.0,23.21084177528632,21,25
1185.567936927709,23.20962201680524,21,25
1186.0,23.20869408797624,21,25
1186.567936927709,23.20747528760715,21,25
1187.0,23.20654808765993,21,25
1187.567936927709,23.20533024465024,21,25
1188.0,23.20440377301227,21,25
1188.567936927709,23.20318688660998,21,25
1189.0,23.20226114270919,21,25
1189.567936927709,23.20104521216289,21,25
1190.0,23.20012019542764,21,25
1190.567936927709,23.19890521998652,21,25
1191.0,23.19798092984562,21,25
1191.567936927709,23.19676690875945,21,25
1192.0,23.19584334464217,21,25
1192.567936927709,23.19463027716131,21,25
1193.0,23.19370743849737,21,25
1193.567936927709,23.19249532387276,21,25
1194.0,23.19157321009232,21,25
1194.567936927709,23.1903620475755,21,25
1195.0,23.18944065810916,21,25
1195.567936927709,23.18823044695226,21,25
1196.0,23.18730978123108,21,25
1196.567936927709,23.18610052068682,21,25
1197.0,23.18518057814229,21,25
1197.567936927709,23.18397226746397,21,25
1198.0,23.18305304752806,21,25
1198.567936927709,23.18184568596956,21,25
1199.0,23.18092718807466,21,25
1199.567936927709,23.17972077489044,21,25
1200.000002,23.17880299419265,21,25
1200.0,23.17880299419265,21,25
1201.0,23.17825068029222,21,25
1201.5649884367042,23.17704277652848,21,25
1202.0,23.17611276709365,21,25
1202.5678120160467,23.1748997803236,21,25
1203.0,23.17397653322238,21,25
1203.5679316513656,23.17276424387774,21,25
1204.0,23.17184197734874,21,25
1204.5679367048608,23.17064034156408,21,25
1205.0,23.16972619871002,21,25
1205.5679369182972,23.16852550635088,21,25
1206.0,23.16761208200104,21,25
1206.5679369273116,23.16641233275854,21,25
1207.0,23.16549962591635,21,25
1207.5679369276925,23.16430081906792,21,25
1208.0,23.16338882915156,21,25
1208.5679369277084,23.16219096395772,21,25
1209.0,23.16127969040327,21,25
1209.567936927709,23.16008276612439,21,25
1210.0,23.15917220836912,21,25
1210.567936927709,23.15797622426612,21,25
1211.0,23.15706638174778,21,25
1211.567936927709,23.15587133708216,21,25
1212.0,23.15496220923893,21,25
1212.567936927709,23.15376810327277,21,25
1213.0,23.15285968954328,21,25
1213.567936927709,23.15166652153924,21,25
1214.0,23.15075882136255,21,25
1214.567936927709,23.14956659058386,21,25
1215.0,23.14865960339949,21,25
1215.567936927709,23.14746830910997,21,25
1216.0,23.14656203435787,21,25
1216.567936927709,23.14537167582191,21,25
1217.0,23.14446611294246,21,25
1217.567936927709,23.14327668942503,21,25
1218.0,23.14237183785907,21,25
1218.567936927709,23.14118334862573,21,25
1219.0,23.14027920781452,21,25
1219.567936927709,23.13909165213139,21,25
1220.0,23.13818822151664,21,25
1220.567936927709,23.13700159865042,21,25
1221.0,23.13609887767428,21,25
1221.567936927709,23.13491318689226,21,25
1222.0,23.13401117499729,21,25
1222.567936927709,23.13282641556732,21,25
1223.0,23.13192511219656,21,25
1223.567936927709,23.13074128338706,21,25
1224.0,23.12984068798398,21,25
1224.567936927709,23.12865778906395,21,25
1225.0,23.12775790107244,21,25
1225.567936927709,23.12657593131146,21,25
1226.0,23.12567675017584,21,25
1226.567936927709,23.12449570884408,21,25
1227.0,23.12359723400913,21,25
1227.567936927709,23.12241712037731,21,25
1228.0,23.12151935128823,21,25
1228.567936927709,23.12034016462764,21,25
1229.0,23.11944310073007,21,25
1229.567936927709,23.11826484031258,21,25
1230.000002,23.11736847690657,21,25
1230.0,23.11736847690657,21,25
1231.0,23.11683501450478,21,25
1231.5649884367042,23.11563720390557,21,25
1232.0,23.11471496556849,21,25
1232.5678120160467,23.11351211443622,21,25
1233.0,23.11259658192715,21,25
1233.5679316513656,23.11139442239265,21,25
1234.0,23.1104798622622,21,25
1234.5679367048608,23.10927863632745,21,25
1235.0,23.10836480526616,21,25
1235.5679369182972,23.10716452243514,21,25
1236.0,23.10625140963302,21,25
1236.5679369273116,23.10505206959697,21,25
1237.0,23.10413967405778,21,25
1237.5679369276925,23.10294127609437,21,25
1238.0,23.10202959723647,21,25
1238.5679369277084,23.10083214060647,21,25
1239.0,23.09992117786616,21,25
1239.567936927709,23.0987246618302,21,25
1240.0,23.09781441464492,21,25
1240.567936927709,23.09661883846417,21,25
1241.0,23.09570930627187,21,25
1241.567936927709,23.09451466920808,21,25
1242.0,23.09360585144713,21,25
1242.567936927709,23.09241215276263,21,25
1243.0,23.09150404887185,21,25
1243.567936927709,23.09031128782955,21,25
1244.0,23.0894038972482,21,25
1244.567936927709,23.08821207311158,21,25
1245.0,23.08730539527936,21,25
1245.567936927709,23.0861145073125,21,25
1246.0,23.08520854166956,21,25
1246.567936927709,23.0840185891371,21,25
1247.0,23.083113335124,21,25
1247.567936927709,23.08192431729116,21,25
1248.0,23.08101977434894,21,25
1248.567936927709,23.07983169048153,21,25
1249.0,23.07892785805164,21,25
1249.567936927709,23.07774070741602,21,25
1250.0,23.07683758494036,21,25
1250.567936927709,23.07565136680349,21,25
1251.0,23.07474895372439,21,25
1251.567936927709,23.0735636673538,21,25
1252.0,23.07266196311404,21,25
1252.567936927709,23.07147760777784,21,25
1253.0,23.07057661182062,21,25
1253.567936927709,23.06939318678748,21,25
1254.0,23.06849289855646,21,25
1254.567936927709,23.06731040309564,21,25
1255.0,23.0664108220349,21,25
1255.567936927709,23.06522925541622,21,25
1256.0,23.06433038097029,21,25
1256.567936927709,23.06314974246415,21,25
1257.0,23.06225157407799,21,25
1257.567936927709,23.06107186295537,21,25
1258.0,23.06017440007436,21,25
1258.567936927709,23.0589956156068,21,25
1259.0,23.05809885767679,21,25
1259.567936927709,23.05692099913641,21,25
1260.000002,23.05602494145903,21,25
1260.0,23.05602494145903,21,25
1261.0,23.05549322740502,21,25
1261.5649884367042,23.05434946474927,21,25
1262.0,23.0534688399073,21,25
1262.5678120160467,23.05232026415883,21,25
1263.0,23.05144604256262,21,25
1263.5679316513656,23.05030298320896,21,25
1264.0,23.04943338438982,21,25
1264.5679367048608,23.04829121273857,21,25
1265.0,23.04742230714635,21,25
1265.5679369182972,23.04628103223427,21,25
1266.0,23.04541280959038,21,25
1266.5679369273116,23.04427243112388,21,25
1267.0,23.04340489048107,21,25
1267.5679369276925,23.04226540777334,21,25
1268.0,23.04139854857857,21,25
1268.5679369277084,23.04025996092673,21,25
1269.0,23.03939378264399,21,25
1269.567936927709,23.038256089345,21,25
1270.0,23.03739059143942,21,25
1270.567936927709,23.03625379179078,21,25
1271.0,23.03538897372792,21,25
1271.567936927709,23.03425306702767,21,25
1272.0,23.03338892827351,21,25
1272.567936927709,23.03225391382025,21,25
1273.0,23.03139045384121,21,25
1273.567936927709,23.03025633093409,21,25
1274.0,23.02939354919699,21,25
1274.567936927709,23.0282603171357,21,25
1275.0,23.02739821310779,21,25
1275.567936927709,23.02626587119257,21,25
1276.0,23.02540444434151,21,25
1276.567936927709,23.02427299187318,21,25
1277.0,23.02341224166705,21,25
1277.567936927709,23.02228167794693,21,25
1278.0,23.02142160385425,21,25
1278.567936927709,23.02029192818424,21,25
1279.0,23.0194325296739,21,25
1279.567936927709,23.01830374135644,21,25
1280.0,23.01744501789779,21,25
1280.567936927709,23.01631711623588,21,25
1281.0,23.01545906729866,21,25
1281.567936927709,23.01433205159585,21,25
1282.0,23.01347467665024,21,25
1282.567936927709,23.01234854621059,21,25
1283.0,23.01149184472717,21,25
1283.567936927709,23.01036659885532,21,25
1284.0,23.00951057030509,21,25
1284.567936927709,23.00838620830623,21,25
1285.0,23.0075308521606,21,25
1285.567936927709,23.00640737334044,21,25
1286.0,23.00555268907124,21,25
1286.567936927709,23.00443009273605,21,25
1287.0,23.00357607981555,21,25
1287.567936927709,23.00245436527215,21,25
1288.0,23.00160102317298,21,25
1288.567936927709,23.00048018972872,21,25
1289.0,22.99962751792397,21,25
1289.567936927709,22.99850756488676,21,25
1290.000002,22.99765555890905,21,25
1290.0,22.99765555890905,21,25
1291.0,22.99713405871559,21,25
1291.6594846189682,22.9958453070136,21,25
1292.0,22.99517988818676,21,25
1292.6624614087364,22.99388633623927,21,25
1293.0,22.99322725265566,21,25
1293.6625875203829,22.99193447072924,21,25
1294.0,22.99127615090691,21,25
1294.6625928474166,22.98998437406655,21,25
1295.0,22.98932658173534,21,25
1295.6625930724058,22.98803581913862,21,25
1296.0,22.98737854393709,21,25
1296.6625930819084,22.98608879520711,21,25
1297.0,22.98543203630928,21,25
1297.6625930823097,22.98414330066738,21,25
1298.0,22.98348705764997,21,25
1298.6625930823266,22.98219933430112,21,25
1299.0,22.98154360675818,21,25
1299.6625930823272,22.98025689490726,21,25
1300.0,22.97960168243384,21,25
1300.6625930823272,22.97831598128634,21,25
1301.0,22.97766128347786,21,25
1301.6625930823272,22.97637659223985,21,25
1302.0,22.97572240869205,21,25
1302.6625930823272,22.97443872657027,21,25
1303.0,22.9737850568792,21,25
1303.6625930823272,22.97250238308101,21,25
1304.0,22.97184922684304,21,25
1304.6625930823272,22.97056756057639,21,25
1305.0,22.9699149173882,21,25
1305.6625930823272,22.96863425786169,21,25
1306.0,22.96798212732029,21,25
1306.6625930823272,22.96670247374313,21,25
1307.0,22.96605085544583,21,25
1307.6625930823272,22.96477220702785,21,25
1308.0,22.96412110057229,21,25
1308.6625930823272,22.96284345652396,21,25
1309.0,22.96219286150809,21,25
1309.6625930823272,22.96091622104047,21,25
1310.0,22.96026613706256,21,25
1310.6625930823272,22.95899049938734,21,25
1311.0,22.95834092604598,21,25
1311.6625930823272,22.95706629037548,21,25
1312.0,22.95641722726956,21,25
1312.6625930823272,22.95514359281671,21,25
1313.0,22.95449503954545,21,25
1313.6625930823272,22.9532224055238,21,25
1314.0,22.95257436168672,21,25
1314.6625930823272,22.95130272731044,21,25
1315.0,22.95065519250739,21,25
1315.6625930823272,22.94938455699127,21,25
1316.0,22.9487375308224,21,25
1316.6625930823272,22.94746789338183,21,25
1317.0,22.94682137544763,21,25
1317.6625930823272,22.94555273529863,21,25
1318.0,22.94490672519986,21,25
1318.6625930823272,22.94363908155908,21,25
1319.0,22.94299357889685,21,25
1319.6625930823272,22.94172693098152,21,25
1320.000002,22.94108193153691,21,25
1320.0,22.94108193153691,21,25
1321.0,22.94056204374443,21,25
1321.6594846189682,22.93928088302239,21,25
1322.0,22.93861938363245,21,25
1322.6624614087364,22.93733345093924,21,25
1323.0,22.9366782494768,21,25
1323.6625875203829,22.93539308226909,21,25
1324.0,22.93473864006923,21,25
1324.6625928474166,22.93345447202744,21,25
1325.0,22.93280055421169,21,25
1325.6625930724058,22.93151739443945,21,25
1326.0,22.9308639907074,21,25
1326.6625930819084,22.92958183883006,21,25
1327.0,22.92892894836059,21,25
1327.6625930823097,22.92764780360404,21,25
1328.0,22.92699542597637,21,25
1328.6625930823266,22.92571528755029,21,25
1329.0,22.92506342236084,21,25
1329.6625930823272,22.92378428947478,21,25
1330.0,22.92313293632101,21,25
1330.6625930823272,22.92185480818514,21,25
1331.0,22.92120396666483,21,25
1331.6625930823272,22.91992684248992,21,25
1332.0,22.91927651220121,21,25
1332.6625930823272,22.91800039119865,21,25
1333.0,22.91735057173996,21,25
1333.6625930823272,22.91607545312178,21,25
1334.0,22.91542614409185,21,25
1334.6625930823272,22.91415202707066,21,25
1335.0,22.91350322806855,21,25
1335.6625930823272,22.91223011185763,21,25
1336.0,22.91158182248273,21,25
1336.6625930823272,22.91030970629593,21,25
1337.0,22.90966192614793,21,25
1337.6625930823272,22.90839080919974,21,25
1338.0,22.90774353787863,21,25
1338.6625930823272,22.90647341938417,21,25
1339.0,22.90582665649029,21,25
1339.6625930823272,22.90455753566527,21,25
1340.0,22.90391128079924,21,25
1340.6625930823272,22.90264315685999,21,25
1341.0,22.90199740962277,21,25
1341.6625930823272,22.90073028178625,21,25
1342.0,22.90008504177909,21,25
1342.6625930823272,22.89881890926287,21,25
1343.0,22.89817417608734,21,25
1343.6625930823272,22.89690903810961,21,25
1344.0,22.89626481136761,21,25
1344.6625930823272,22.89500066714715,21,25
1345.0,22.89435694644088,21,25
1345.6625930823272,22.89309379519711,21,25
1346.0,22.89245058012907,21,25
1346.6625930823272,22.89118842108201,21,25
1347.0,22.89054571125504,21,25
1347.6625930823272,22.88928454362533,21,25
1348.0,22.88864233864255,21,25
1348.6625930823272,22.88738216165143,21,25
1349.0,22.8867404611163,21,25
1349.6625930823272,22.88548127398564,21,25
1350.000002,22.88484007370409,21,25
1350.0,22.88484007370409,21,25
1351.0,22.88430468829907,21,25
1351.6594846189682,22.88302483811713,21,25
1352.0,22.88236401539598,21,25
1352.6624614087364,22.88107939812425,21,25
1353.0,22.88042486688824,21,25
1353.6625875203829,22.87914101431898,21,25
1354.0,22.87848724156889,21,25
1354.6625928474166,22.87720438714347,21,25
1355.0,22.87655113824107,21,25
1355.6625930724058,22.87526929105382,21,25
1356.0,22.87461655570924,21,25
1356.6625930819084,22.87333571538587,21,25
1357.0,22.87268349277884,21,25
1357.6625930823097,22.87140365854606,21,25
1358.0,22.87075194825623,21,25
1358.6625930823266,22.8694731193245,21,25
1359.0,22.8688219209487,21,25
1359.6625930823272,22.8675440965284,21,25
1360.0,22.8668934096645,21,25
1360.6625930823272,22.86561658896658,21,25
1361.0,22.86496641321279,21,25
1361.6625930823272,22.86369059544886,21,25
1362.0,22.8630409304037,21,25
1362.6625930823272,22.86176611478594,21,25
1363.0,22.86111696004826,21,25
1363.6625930823272,22.8598431457895,21,25
1364.0,22.85919450095845,21,25
1364.6625930823272,22.85792168727214,21,25
1365.0,22.85727355194718,21,25
1365.6625930823272,22.85600173804736,21,25
1366.0,22.8553541118283,21,25
1366.6625930823272,22.85408329692964,21,25
1367.0,22.85343617941658,21,25
1367.6625930823272,22.85216636273439,21,25
1368.0,22.85151975352772,21,25
1368.6625930823272,22.8502509342779,21,25
1369.0,22.84960483297837,21,25
1369.6625930823272,22.84833701037743,21,25
1370.0,22.84769141658608,21,25
1370.6625930823272,22.84642458985118,21,25
1371.0,22.84577950316936,21,25
1371.6625930823272,22.84451367151825,21,25
1372.0,22.84386909154764,21,25
1372.6625930823272,22.84260425419867,21,25
1373.0,22.84196018054124,21,25
1373.6625930823272,22.84069633671341,21,25
1374.0,22.84005276897146,21,25
1374.6625930823272,22.83878991788437,21,25
1375.0,22.8381468556605,21,25
1375.6625930823272,22.83688499653435,21,25
1376.0,22.83624243943148,21,25
1376.6625930823272,22.83498157148709,21,25
1377.0,22.83433951910846,21,25
1377.6625930823272,22.83307964156727,21,25
1378.0,22.83243809351642,21,25
1378.6625930823272,22.83117542867886,21,25
1379.0,22.83053246129598,21,25
1379.6625930823272,22.82927078827307,21,25
1380.000002,22.82862832213137,21,25
1380.0,22.82862832213137,21,25
1381.0,22.8280888386276,21,25
1381.6594846189682,22.82683435035804,21,25
1382.0,22.82618662270708,21,25
1382.6624614087364,22.82492746181389,21,25
1383.0,22.82428590097403,21,25
1383.6625875203829,22.82302748962972,21,25
1384.0,22.82238667224538,21,25
1384.6625928474166,22.82112923926539,21,25
1385.0,22.820488935348,21,25
1385.6625930724058,22.81923248964643,21,25
1386.0,22.81859268911005,21,25
1386.6625930819084,22.81733723032003,21,25
1387.0,22.81669793236063,21,25
1387.6625930823097,22.81544345972419,21,25
1388.0,22.81480466392975,21,25
1388.6625930823266,22.813551176673,21,25
1389.0,22.81291288264834,21,25
1389.6625930823272,22.8116603799973,21,25
1390.0,22.81102258734827,21,25
1390.6625930823272,22.80977106852954,21,25
1391.0,22.8091337768623,21,25
1391.6625930823272,22.8078832411031,21,25
1392.0,22.80724645002412,21,25
1392.6625930823272,22.80599689655225,21,25
1393.0,22.80536060566833,21,25
1393.6625930823272,22.80411203371222,21,25
1394.0,22.80347624263047,21,25
1394.6625930823272,22.80222865141914,21,25
1395.0,22.80159335974696,21,25
1395.6625930823272,22.80034674851004,21,25
1396.0,22.79971195585514,21,25
1396.6625930823272,22.79846632382287,21,25
1397.0,22.79783202979329,21,25
1397.6625930823272,22.79658737619651,21,25
1398.0,22.79595358040058,21,25
1398.6625930823272,22.79470990447074,21,25
1399.0,22.79407660651709,21,25
1399.6625930823272,22.79283390748623,21,25
1400.0,22.79220110698381,21,25
1400.6625930823272,22.7909593840846,21,25
1401.0,22.79032708064268,21,25
1401.6625930823272,22.78908633310835,21,25
1402.0,22.78845452633649,21,25
1402.6625930823272,22.78721475340091,21,25
1403.0,22.78658344290897,21,25
1403.6625930823272,22.78534464380661,21,25
1404.0,22.78471382920476,21,25
1404.6625930823272,22.78347600317067,21,25
1405.0,22.7828456840694,21,25
1405.6625930823272,22.78160883033924,21,25
1406.0,22.78097900634934,21,25
1406.6625930823272,22.77974312415937,21,25
1407.0,22.77911379489194,21,25
1407.6625930823272,22.77787888347903,21,25
1408.0,22.77725004854545,21,25
1408.6625930823272,22.77601610714706,21,25
1409.0,22.77538776615905,21,25
1409.6625930823272,22.77415479401324,21,25
1410.000002,22.77352694286403,21,25
